-0.00790003
-0.00671581
-0.00790003
-0.00671581
-0.00790003
-0.00676255
-0.00779095
-0.00701186
-0.00116864
-0.00518877
-0.00899076
-0.00414478
0.00754165
-0.00034280
-0.01037755
-0.00261776
0.00347477
0.00244635
0.00895960
0.00056095
0.00645090
0.00839865
0.00712093
0.00830516
0.00101282
0.00406688
0.00112190
0.01100084
-0.00405129
0.00235287
0.00587438
0.00113748
0.00964520
0.00673138
0.00670022
-0.00906868
-0.00333453
-0.00193216
-0.00850772
-0.00662231
-0.00783770
-0.00680930
-0.00779095
-0.00677812
-0.00785328
-0.00663789
-0.00822725
-0.00453433
0.00747932
0.00788444
0.00755722
0.00785328
0.00760397
0.00775980
0.00775980
0.00751048
0.00832073
0.00507970
-0.00079468
-0.00398896
0.00814935
0.00461225
0.00185424
0.00913101
0.00715210
0.00785328
0.00797794
0.00713652
0.00875703
0.00613927
0.01033081
-0.00411362
0.00305405
-0.00152703
0.00087259
0.00724559
-0.00649766
0.00934915
-0.00021815
0.00766630
0.00063886
0.00729233
0.00507970
0.00183866
0.00113748
-0.01098525
-0.00246194
-0.00024931
-0.00081026
-0.00420711
0.00638859
-0.00305405
-0.00464340
0.00511087
-0.00682488
-0.00782211
-0.00641975
-0.00832073
-0.00574972
-0.00941148
-0.00235287
-0.00353709
-0.00400455
-0.00239961
-0.00512645
-0.00093492
-0.00881936
-0.00649766
-0.00749489
-0.00721442
-0.00696511
-0.00766630
-0.00652882
-0.00814935
-0.00585879
-0.00930239
0.00380199
-0.00090375
-0.00833632
-0.00733908
-0.00440969
-0.00102841
-0.00746374
0.01068919
-0.00377082
0.00233728
0.00023373
-0.00961404
0.00046746
0.00185424
0.01028407
-0.00065444
0.00218146
-0.00395781
-0.00453433
0.00694953
0.00950497
0.00347477
0.00378640
-0.00121539
0.00023373
0.01025289
0.00651323
0.00875703
0.00726118
0.00827399
0.00763514
0.00799351
0.00786887
0.00780654
0.00802469
0.00769747
0.00810259
0.00763514
0.00816492
0.00758839
0.00821166
0.00760397
0.00219705
0.00310079
0.00280475
0.00895960
0.00730792
0.00857005
0.00559390
-0.00744815
-0.00643533
-0.00832073
0.00255543
0.00877261
0.00821166
-0.00093492
-0.00866354
-0.00655998
0.00076351
0.01117222
-0.00294498
-0.00691837
-0.00939590
-0.02240676
-0.01393023
0.00403572
0.00643533
-0.00772863
-0.00624834
-0.00821166
0.00208798
0.01757640
0.02532063
0.01721807
-0.00609253
-0.00970753
-0.02193933
-0.02070832
0.00241520
0.00950497
-0.00076351
-0.01132806
-0.01283949
0.00291382
0.00956730
0.00521994
-0.00847655
-0.02349749
-0.01089176
0.01865154
0.01594030
-0.00373966
-0.00484598
0.00818050
0.00631067
-0.00833632
0.00283590
0.00874146
0.00833632
-0.00038955
-0.01728041
-0.02214195
0.00612368
0.01355626
-0.01835541
-0.02201726
-0.02215753
-0.02173671
-0.02097328
0.00475248
0.02331046
-0.00250868
-0.00696511
-0.00791561
0.00252427
0.00928682
0.00754165
0.00833632
0.00936472
0.03141317
0.01297972
-0.00966079
-0.00292940
0.00568739
-0.01696869
-0.04052853
-0.02513359
-0.02472850
-0.03558906
-0.03931310
-0.01634539
0.01971110
0.02355984
0.02385598
0.05046980
0.05986571
0.01575327
-0.01589354
-0.00610811
-0.01810618
-0.03775494
-0.00118422
0.03505928
0.03792639
0.03775494
0.01081385
-0.00871028
-0.03180267
-0.03493459
-0.03008864
-0.03934428
-0.02572572
0.00618601
0.02056820
-0.00978544
0.01430419
0.04172836
0.02709700
0.03156903
0.03306485
0.00021815
-0.03133524
-0.03884567
0.01084500
0.05846341
0.03868981
-0.00497062
-0.04813248
-0.04118300
0.01726467
0.02754885
-0.02206402
-0.06165767
-0.05852560
-0.01444443
0.01904105
0.02410520
0.02259380
0.03183384
0.04015461
-0.00052979
-0.04624715
-0.02597510
0.03206764
0.04443961
0.00909983
-0.04088686
-0.05152936
0.00158935
0.04345798
0.01266809
-0.05014264
-0.06662831
-0.03153786
0.00769747
0.06101879
0.10026955
0.04182188
0.00936472
-0.01287065
-0.07452825
-0.09780769
-0.02281185
0.04610688
0.01354068
-0.03423352
-0.05163847
-0.02380922
0.03093015
0.08288019
0.09585986
0.03903271
-0.03331408
-0.04091803
-0.01014382
0.01943070
0.02169010
0.00668464
-0.00825840
0.00433177
-0.00316312
-0.04881812
-0.04121417
-0.01040871
-0.01416396
-0.03273754
-0.02926288
-0.00045188
0.08196090
0.16052461
0.08710284
-0.07909380
-0.12646285
-0.04687045
0.03074311
0.03844058
0.04811689
0.04475118
0.01209157
0.03931310
0.08548233
0.03533983
-0.04532772
-0.04292820
-0.07239354
-0.11733176
-0.08880128
-0.05824520
-0.06460256
-0.03786404
0.03174033
0.04553034
0.01090733
0.05548720
0.10284067
0.05844782
0.02130044
0.02452588
-0.01375882
-0.02826566
-0.00264893
-0.05480156
-0.10784233
-0.08311398
-0.04732230
-0.03643057
-0.01001916
-0.01734261
-0.03582285
0.01838673
0.08233482
0.06334053
0.02736181
0.01391464
-0.02994837
-0.06885638
0.00961404
0.10759310
0.10369761
0.07103785
0.04305274
0.01011266
-0.00475248
0.00811817
-0.02589716
-0.07281422
-0.12694587
-0.19711104
-0.16613414
0.00096608
0.10690746
0.05162288
-0.00339685
0.02703465
0.05008030
0.09310186
0.14865141
0.08584081
0.02488436
0.02362218
-0.01143713
-0.04964404
-0.03043154
0.02187698
-0.01550404
-0.05319663
-0.05215266
-0.07451266
-0.05732592
-0.01594030
-0.00643533
-0.01964876
0.06606736
0.11678639
0.05882174
0.04855331
0.07848609
0.05487949
-0.00598345
-0.01316671
-0.03929752
-0.07859519
-0.00808702
0.06715809
0.00247753
-0.09760507
-0.10319900
-0.03998316
0.00320987
0.04869343
0.08241275
0.04112065
0.01477165
0.00556275
0.02186140
0.02949652
-0.01084500
-0.03265961
-0.02719036
0.00637300
-0.00274242
-0.02156541
0.00462783
-0.00081026
-0.03459185
-0.05190328
-0.05146702
-0.04055970
0.01742054
0.03850293
0.05026718
0.06700223
0.02602185
0.00758839
0.01139037
0.01502096
-0.03166240
-0.05537810
0.06449345
0.13006221
0.02218871
-0.01294857
0.00991009
-0.01087618
-0.01812177
-0.00612368
-0.00934915
-0.01058011
0.01135921
0.00486155
-0.00526669
-0.00836749
-0.03164681
-0.06123685
-0.03886126
0.00384873
-0.01603382
0.02602185
0.13493933
0.14813721
0.09034386
0.02946535
-0.05271361
-0.05628179
-0.01128130
-0.05972544
-0.09746479
-0.03027568
0.06348065
0.08389299
0.09257208
0.08958044
-0.01748288
-0.12164792
-0.11483872
-0.09643640
-0.11295324
-0.06471166
0.00213472
0.03488783
0.07681882
0.14611161
0.09531450
-0.04121417
-0.04029489
-0.03061842
-0.09124771
-0.09882049
-0.01791914
0.07356221
0.12604202
0.11770583
0.05925800
0.01188899
-0.02733064
-0.09984887
-0.15489981
-0.14424172
-0.07968592
0.01625187
0.04539006
0.00367733
-0.00930239
0.00436293
0.00617044
-0.04336446
-0.13087239
-0.13917757
-0.05059449
0.07043029
0.14265238
0.13168272
0.07378041
0.00127772
-0.03131965
-0.00250868
0.03470095
-0.02363777
-0.07046146
-0.02779808
-0.00598345
0.00238404
0.01791914
0.03474771
0.02997954
0.02404286
0.03993640
0.03747454
0.04127651
0.05400696
0.04630950
0.05470804
0.07041470
0.09388102
0.07900028
-0.01497421
-0.07552546
-0.05743487
-0.01452233
0.02013178
0.01349393
-0.05283830
-0.09339800
-0.09399013
-0.05157612
-0.02197050
-0.04665224
-0.08640176
-0.08777289
-0.01773226
0.04665224
0.11619427
0.17197745
0.13257098
0.03618119
-0.03075870
-0.04429933
-0.03258183
-0.04947259
-0.06754760
-0.09369399
-0.10245101
-0.06882536
-0.07700585
-0.09765182
-0.01347835
0.10410270
0.07382717
0.01389907
0.02426107
0.02217312
0.03387503
0.02996395
-0.00691837
-0.03725633
0.01279275
0.09903854
-0.02491554
-0.16614942
-0.07876649
0.04242959
0.03476330
-0.02326385
-0.02536738
-0.02982383
-0.03705371
-0.00135563
0.04473559
0.04503173
-0.02575689
-0.07066393
-0.04465781
0.01919691
0.05438088
0.02625550
0.00883494
0.03446716
0.03008864
0.02521152
0.06519468
0.05785570
-0.01073593
-0.11772126
-0.11281297
-0.00515761
0.05209031
0.07959240
0.11039786
0.09319538
0.00325662
-0.01262135
-0.01561314
-0.03867437
0.01068919
0.11248581
0.13347468
0.02254704
-0.05812051
-0.06631659
-0.03992082
-0.00927124
0.00998800
-0.02935624
-0.07680323
-0.05366407
-0.00936472
-0.01689076
-0.03842499
-0.03551113
-0.07119371
-0.07136516
0.02483761
0.13325647
0.15123796
0.06809296
-0.03683566
-0.06974465
0.01372767
0.05526899
0.02656722
0.00634183
0.02902908
0.05617284
-0.01907222
-0.07074186
-0.02824992
0.00456550
0.03808225
0.03967159
-0.06344948
-0.12610437
-0.11451141
-0.08475008
-0.06207835
-0.05098400
-0.02563220
-0.02010061
0.01377441
0.05081255
0.05528458
0.06999387
0.02112899
-0.06209394
-0.06884095
0.01330696
0.09903854
0.12423463
0.10352616
0.07124047
0.05232411
0.05564306
0.04242959
0.01382115
0.00761955
0.00877261
-0.02017854
-0.05226176
-0.01410163
0.00165168
-0.03635263
-0.04715085
-0.00860121
0.02798511
0.00863238
-0.02323268
-0.03912622
-0.03982730
0.01606499
0.01143713
-0.01338486
0.06131478
0.11524381
0.05067242
-0.00311638
-0.00953613
-0.04518759
-0.01592472
0.03950014
0.01486514
-0.01441326
0.03328291
0.04501614
0.01082943
-0.01818411
-0.11139508
-0.21219456
-0.18227660
-0.03806666
0.06558419
0.11915489
0.14587782
0.04274116
-0.06022404
-0.05836989
-0.03940662
-0.04448636
-0.06114348
-0.10623740
-0.16918874
-0.14704648
-0.00814935
0.09335124
0.12420346
0.08905066
-0.03766142
-0.09719998
0.02891998
0.10139145
-0.00613927
-0.01738936
0.03763025
0.00875703
0.01766992
0.07949889
-0.00679371
-0.09565740
-0.04754035
0.03057166
-0.02374687
-0.05702978
0.02767354
0.06575564
0.09565740
0.08929989
0.04849096
0.01237204
0.04437726
0.03586961
-0.03138200
-0.04191540
0.00010907
0.00034280
-0.03174033
-0.04680810
-0.05880615
0.02524269
0.09719998
0.05272920
-0.03491900
-0.05385110
0.00235287
0.08933106
0.12956360
0.07460618
0.00155820
0.01547287
0.09313303
0.08816240
0.06036432
0.03317380
-0.03859644
-0.05721682
0.03847175
0.05639090
-0.06862274
-0.15609934
-0.13437838
-0.10936948
-0.13520429
-0.06754760
0.07474646
0.12936098
0.06851364
-0.00091933
-0.01927484
-0.00476806
-0.01572209
-0.05528458
-0.06695547
-0.03778611
-0.00955171
0.09649875
0.21474948
0.17256881
0.06842012
-0.04532772
-0.12936098
-0.08182063
-0.01000359
0.01135921
0.02770456
0.02943417
-0.00506413
-0.05448999
-0.09565740
-0.07203521
-0.02398051
0.01489631
0.01313556
-0.05883733
-0.04250752
0.06050460
0.11003938
0.10818523
0.04783649
-0.01587796
0.00507970
0.02609963
-0.05156054
-0.18483305
-0.20723905
-0.10739048
-0.01149944
0.01383674
0.02293654
0.03625912
0.05582994
0.01553521
-0.04983092
-0.02857724
-0.01241879
-0.05688950
-0.06284192
-0.02494671
-0.01886975
0.00841424
0.04218021
0.02849930
0.00134004
0.05614167
0.14784123
0.14938381
0.05589229
-0.03290899
-0.10129794
-0.08124409
0.04267882
0.01330696
-0.10145380
-0.12191289
-0.05500418
0.01000359
0.05246423
0.06078500
-0.01020615
-0.07957682
-0.06008377
-0.05866588
-0.08007543
0.01131247
0.10189006
0.07491775
0.00305405
-0.06846688
-0.11147301
-0.00981660
0.10329252
0.08004425
0.02652046
0.07451266
0.13402005
0.06268606
0.00950497
0.02641136
-0.00976986
-0.01897870
-0.01277716
-0.05650000
-0.05642207
-0.04687045
-0.02483761
-0.02985500
-0.08696256
-0.11918606
-0.08911300
0.01168643
0.08311398
0.06117450
0.12080657
0.20276793
0.10291845
-0.03692917
-0.03945338
0.02103563
-0.03868981
-0.13699610
-0.16847207
-0.14265238
-0.07642931
0.00758839
0.01467815
0.03166240
0.08529544
0.10059686
0.06547524
0.07519830
0.11723824
-0.00171401
-0.10139145
-0.07385819
-0.01900988
-0.03314278
-0.03742778
-0.02019413
-0.02343515
0.07426344
0.18570558
0.13958281
0.02351308
0.01014382
0.00842981
0.00716767
0.06452463
0.07822112
0.03357905
0.00863238
0.01293298
-0.03741219
-0.10753076
-0.07741094
-0.04959728
0.00082584
0.10408711
0.10675160
0.04763387
0.02723712
0.04076232
0.01589354
0.02067715
0.05199680
0.03083663
0.03530866
0.04079349
0.02538297
0.02768912
0.01650125
-0.02613081
-0.07731742
-0.05428736
0.04721319
0.08682244
0.03203647
-0.04397217
-0.11469844
-0.11348302
-0.05480156
-0.03370374
-0.05006471
-0.03703812
-0.00676255
0.02412079
0.04302172
0.04221138
0.06831117
0.09916323
0.15449488
0.16817563
0.09704411
0.00864795
-0.05491066
-0.06418188
-0.05592346
-0.07242472
-0.12185055
-0.03574492
0.08203883
0.07772251
0.03418676
0.02047468
0.04644962
0.02142513
-0.02374687
-0.02465057
0.00252427
-0.02935624
-0.12760019
-0.19782770
-0.17688559
-0.14073573
-0.10645561
-0.01509887
0.03954690
0.01416396
0.00641975
0.05095282
0.13573407
0.14991359
0.01413279
-0.11323380
-0.13741693
-0.12093126
-0.12487336
-0.11100557
-0.12030797
-0.15298362
-0.08735222
0.01450676
-0.01756081
-0.10224855
-0.05804258
0.03878333
0.04810130
0.05098400
0.09480031
0.11926399
0.08716518
0.05709213
0.05657793
0.02388700
-0.01963317
-0.04484470
0.01352511
0.10941623
0.15807818
0.15588083
0.09614042
-0.00758839
-0.08714960
-0.08741456
0.05029835
0.13942695
0.05646883
-0.02475967
-0.06176662
-0.10087726
-0.03490342
0.10782674
0.13719872
0.07871973
0.00303848
-0.00723000
0.02346632
0.01967993
-0.06309115
-0.12446827
-0.06828000
-0.04788325
-0.06360534
-0.04981533
0.00610811
0.05420943
0.03011982
0.02253145
0.05576760
0.07499568
0.06106555
0.04179071
0.04320860
0.05229294
0.08529544
0.03858086
-0.05607932
-0.06117450
-0.10206151
-0.17188424
-0.18294742
-0.10723477
0.03951573
0.08082341
-0.01064244
-0.07096007
-0.04297496
0.06187573
0.11667729
0.04934790
0.00023373
-0.01776343
0.02853048
0.09874256
0.10675160
0.02245352
-0.00617044
0.06874743
0.11360771
0.11959115
0.15351233
0.17878650
0.13082578
0.07801865
0.08222572
0.10714125
0.04406569
-0.06686195
-0.05603257
-0.00476806
-0.03875215
-0.13733900
-0.23809218
-0.21102559
-0.14210702
-0.07449708
0.01985138
0.05833872
0.00417595
-0.03216100
0.03153786
0.12023003
0.12585514
0.08034039
0.00997242
-0.07155219
-0.05531575
0.00534460
0.03950014
0.00010907
-0.04838186
-0.09682606
-0.15148734
-0.09152811
0.04796118
0.13959839
0.11234553
0.02310799
-0.02787601
-0.03389062
-0.05600139
-0.09975536
-0.15084846
-0.15756476
-0.11434011
-0.08802227
-0.06591150
-0.00838306
0.01246553
-0.03970276
-0.08079224
-0.06444685
-0.07297008
-0.08842736
0.02069273
0.10443001
0.02619315
-0.06673726
-0.02394934
0.05106193
0.04874019
0.01696869
0.02240676
0.06411954
0.06553743
0.02203284
0.02237559
0.09400571
0.15349705
0.09442639
-0.01043988
0.00151145
0.00400455
-0.08356583
-0.15795441
-0.19455612
-0.18308800
-0.10337045
-0.02078625
-0.01045547
-0.02351308
-0.03678890
-0.12197524
-0.23140690
-0.22006409
-0.14299513
-0.15647372
-0.22117041
-0.23399392
-0.17587249
-0.03367256
0.10361968
0.16333014
0.17724469
0.19033255
0.23586274
0.22509600
0.18135823
0.15250014
0.14715559
0.11148859
0.05148260
0.00497062
-0.04571737
-0.06288853
-0.05229294
-0.05533134
-0.08861424
-0.05505094
0.00634183
0.06672168
0.12404760
0.16253555
0.16568183
0.08192973
-0.02278083
-0.10070581
-0.12453062
-0.15504039
-0.20597687
-0.22729336
-0.19140831
-0.11740969
-0.02733064
0.06084734
0.08954927
0.06712692
0.08051169
0.17526584
0.23796688
0.22642083
0.23291816
0.26143335
0.20658504
0.11105233
0.01676607
-0.09709087
-0.19084751
-0.21306708
-0.18397581
-0.12261412
0.00403572
0.15366819
0.19725162
0.07248706
-0.10859032
-0.22250899
-0.20566514
-0.11591387
-0.00253986
0.11890551
0.20443505
0.26416095
0.22168383
0.15376293
0.11890551
0.06698664
0.02758002
0.02083301
0.03791080
0.08027805
0.12789633
0.04942583
-0.17866273
-0.31254250
-0.26439321
-0.20614801
-0.13425369
-0.07856402
-0.05265127
0.02535180
0.16027554
0.29873644
0.34308238
0.27626780
0.07868871
-0.23721966
-0.47052747
-0.52981634
-0.45293488
-0.25470223
0.11198720
0.54680077
0.80374620
0.80393262
0.54954212
0.24181607
-0.02585041
-0.29484141
-0.45228086
-0.52649739
-0.58463257
-0.56531173
-0.37840663
-0.19528806
-0.24130112
-0.39295991
-0.52754106
-0.55094488
-0.43096438
-0.16619679
0.17959638
0.43059000
0.52783750
0.53763850
0.48744925
0.33097553
0.13384860
-0.05678055
-0.16590034
-0.13464334
-0.00026489
0.06714251
0.07445032
0.03738102
-0.07032118
-0.12121166
-0.14795018
-0.13643515
-0.12459296
-0.07474646
0.06904342
0.21784992
0.36993046
0.46038266
0.41388674
0.33861127
0.20423182
-0.05779335
-0.28641108
-0.30577929
-0.13380184
0.08342555
0.27833985
0.41519476
0.50058448
0.44383526
0.23671998
-0.01905663
-0.20632068
-0.31017400
-0.41500834
-0.46641392
-0.45804625
-0.36591012
-0.26966045
-0.16548013
0.02044351
0.18565821
0.24934179
0.24739351
0.22369324
0.12962595
0.01971110
0.00325662
0.03786404
0.07699026
0.20396746
0.37385605
0.47367528
0.43002920
0.23623711
-0.01137480
-0.13997231
-0.07663178
-0.02393376
-0.05701419
-0.14576872
-0.18802670
-0.18400637
-0.18604786
-0.18539385
-0.17439332
-0.11778360
-0.08245951
0.01801266
0.18232397
0.30088643
0.31187168
0.19600472
0.05799582
-0.03953131
-0.06614514
0.03753688
0.26599921
0.45009879
0.43456449
0.29393680
0.15555382
0.02278083
-0.05871264
-0.05687392
-0.02154982
0.02910701
0.05919566
0.03792639
0.00875703
0.01159295
0.05054773
0.04228931
0.02528945
0.02784483
-0.06697106
-0.17016975
-0.23502230
-0.29255084
-0.34191341
-0.35249372
-0.31452134
-0.24151963
-0.12714834
-0.10446118
-0.16767748
-0.23983723
-0.28650429
-0.21944064
-0.05484832
0.10059686
0.18433337
0.22219879
0.23379068
0.26969101
0.36993046
0.46985665
0.46546347
0.30615367
0.08013777
-0.15123796
-0.33228508
-0.39712082
-0.37441838
-0.32360568
-0.33292381
-0.35275961
-0.31452134
-0.25459221
-0.21944064
-0.18972591
-0.12381380
0.00721442
0.16976482
0.25576118
0.21814637
0.11066268
-0.01040871
-0.17219596
-0.29733368
-0.35073339
-0.32150154
-0.17657387
0.01050221
0.11974701
0.09408364
0.05311870
0.03998316
0.09877373
0.19475782
0.23210828
0.17867801
0.09459784
-0.00997242
-0.14291735
-0.19140831
-0.13715196
-0.03273754
-0.01746730
-0.11243905
-0.23335518
-0.31754385
-0.32591153
-0.18635959
0.06461814
0.20018092
0.19017669
0.17224181
0.20779985
0.23452415
0.15580290
-0.01757640
-0.17654331
-0.25459221
-0.28441696
-0.30732263
-0.28826462
-0.18229341
-0.06438450
0.00296056
0.03993640
0.02444795
-0.02959004
-0.10012927
-0.16658644
-0.19630117
-0.17543699
-0.05659352
0.08418913
0.13135556
0.11298442
0.07362455
0.13070109
0.27339962
0.35330360
0.32048843
0.21517123
0.04891164
-0.24155019
-0.56436128
-0.66368083
-0.51367388
-0.33784723
-0.19017669
-0.05003354
0.02846813
0.03724074
0.01054896
-0.01996048
-0.03928193
0.00104399
0.07460618
0.06108114
-0.01927484
-0.02672293
0.04788325
0.23689112
0.50535204
0.70414701
0.79570553
0.75352486
0.59566519
0.36715702
0.18784028
0.14011259
0.20466885
0.25964094
0.25993738
0.23751457
0.23343312
0.27433480
0.29200532
0.25365857
0.17582664
0.13961398
0.14460021
0.11125480
-0.00540692
-0.20244093
-0.45011407
-0.69733643
-0.88017536
-0.97617596
-1.00000000
-0.94854857
-0.79452128
-0.62271497
-0.47693159
-0.31322707
-0.09724673
0.13927108
0.38010583
0.55320488
0.54514893
0.40364871
0.14581547
-0.15994853
-0.33938905
-0.33462149
-0.26701079
-0.22104510
-0.15547589
-0.06161092
0.01436652
0.04711968
0.06189131
0.10514667
0.20043000
0.33323554
0.45789039
0.54253136
0.58940166
0.64548006
0.72982612
0.77537159
0.62905644
0.22819644
-0.27854155
-0.67923041
-0.86794321
-0.97343309
-0.96886723
-0.83124829
-0.63366966
-0.43939470
-0.30718205
-0.12083775
0.11261050
0.40400781
0.70141942
0.79699980
0.66657804
0.32625381
-0.11024200
-0.37064712
-0.30531170
-0.12044824
-0.10326135
-0.29540221
-0.54076950
-0.62355693
-0.42086693
0.00168284
0.37703595
0.62216945
0.72398281
0.71295019
0.66989699
0.64105479
0.59772196
0.51499718
0.42638324
0.26677852
0.06351183
-0.09497175
-0.19281107
-0.20105345
-0.07594629
0.06991609
0.11359213
0.08397092
0.06899666
0.11912372
0.22752715
0.45469520
0.66682711
0.68519902
0.60074447
0.45962015
0.30796136
0.13174506
-0.03420234
-0.13356804
-0.18497211
-0.17881859
-0.13536000
-0.11243905
-0.13024924
-0.12429698
-0.15203271
-0.22811851
-0.30856801
-0.35060809
-0.35090454
-0.32625381
-0.27037711
-0.23690793
-0.18487889
-0.05832313
0.00359942
-0.03474771
0.02097328
0.16111750
0.23751457
0.24991787
0.24636512
0.27586286
0.28772063
0.21906626
0.17009182
0.17032562
0.22559415
0.30158781
0.27673538
0.18249511
0.15670751
0.18587672
0.22222935
0.22118569
0.18126502
0.06852922
-0.12177261
-0.21795994
-0.17694824
-0.15195478
-0.21208607
-0.25975096
-0.27918029
-0.27494297
-0.29044670
-0.34571523
-0.46875033
-0.61860142
-0.74517399
-0.80634849
-0.74202618
-0.50580435
-0.15787648
-0.03256625
-0.12750667
-0.20928054
-0.17950317
-0.11021083
-0.06460256
0.03560465
0.21395489
0.40833987
0.58282640
0.68099226
0.68655442
0.65448647
0.56199278
0.37613134
0.11415308
-0.10678277
-0.14707765
0.01056453
0.23605069
0.50444896
0.73809906
0.81395214
0.67078633
0.38066663
0.27449066
0.32896460
0.29068049
0.09634289
-0.16996805
-0.40447539
-0.53593929
-0.52556221
-0.37248538
-0.28740891
-0.35495543
-0.41976061
-0.43515585
-0.37689537
-0.28599087
-0.17057469
-0.09628069
-0.07239354
-0.03725633
-0.02360660
-0.03814459
-0.06274841
-0.12255177
-0.18355406
-0.17465768
-0.08288019
0.00617044
0.08541998
0.18723211
0.25535625
0.22584475
0.10047217
-0.15120679
-0.44955327
-0.58455464
-0.55261200
-0.40126493
-0.17853743
-0.03085222
-0.07795631
-0.23807537
-0.32837324
-0.26456588
-0.09935027
0.04821041
0.11181575
0.11970026
-0.00009349
-0.23062759
-0.36541197
-0.24295295
0.02719036
0.19806150
0.23636241
0.26034232
0.32539657
0.43186899
0.52793071
0.55811302
0.57620377
0.63236011
0.67842053
0.61012526
0.39191624
0.12806778
-0.08661982
-0.19726691
-0.25565269
-0.32002084
-0.33543136
-0.30043412
-0.27193574
-0.28779856
-0.31791823
-0.38501397
-0.53833988
-0.68323546
-0.76527414
-0.78364605
-0.78127755
-0.84868350
-0.93365300
-0.94823684
-0.88366546
-0.74250905
-0.60270803
-0.44489420
-0.22427085
-0.05941387
0.03272196
0.09386544
0.13275786
0.10823198
0.04330211
0.00727675
-0.02676969
-0.12728862
-0.27391458
-0.40495826
-0.45767187
-0.40849573
-0.30353609
-0.14932146
0.00948938
0.16370299
0.33511964
0.43016978
0.40780963
0.34716537
0.35000145
0.40992905
0.52124543
0.65554695
0.74752721
0.76069301
0.64418732
0.44146676
0.29264405
0.30222654
0.40553434
0.43607575
0.32725164
0.14000348
-0.10751517
-0.31477042
-0.44286952
-0.55053994
-0.59493325
-0.55837738
-0.45330925
-0.34194550
-0.23986779
-0.11332731
0.06385472
0.17247560
0.25323682
0.33248679
0.34101033
0.31949213
0.21713326
0.11080295
0.05534692
0.07663178
0.13797773
0.20057058
0.26327161
0.23667414
0.14517659
0.07981061
0.09370957
0.12746007
0.11923282
0.08817798
0.05975661
0.04668341
0.02690996
0.00948938
0.01019056
0.00872587
-0.00780654
0.02845255
0.18442811
0.34467157
0.41282779
0.44314916
0.47965765
0.43221128
0.26959780
0.14932146
0.15661430
0.18470775
0.23943229
0.34718065
0.37673951
0.29733368
0.19031727
0.08350348
-0.06383914
-0.19284163
-0.25823970
-0.22864875
-0.09447315
0.06909018
0.19824945
0.23615918
0.18822994
0.01964876
-0.17034090
-0.26944194
-0.28996383
-0.29022819
-0.23062759
-0.05339925
0.07599305
0.12802102
0.08174270
-0.02690996
-0.09931909
-0.07365572
0.05251099
0.15605350
0.14458462
0.05371083
-0.00536017
0.02991735
0.18204281
0.32910518
0.37323413
0.35152799
0.26387978
0.15447960
0.07490217
0.03237921
0.04080908
0.06798386
0.08395533
0.03398414
-0.02743974
-0.05110869
-0.04870902
-0.09515879
-0.19770393
-0.24134849
-0.28039662
-0.30797665
-0.32728220
-0.33588367
-0.33317289
-0.33423183
-0.33541608
-0.36005153
-0.42739635
-0.51811443
-0.57285273
-0.55071108
-0.41902867
-0.17484410
0.11672405
0.31054685
0.43090173
0.51705395
0.52504726
0.45936955
0.39032705
0.33561932
0.24909271
0.07498010
-0.06218745
-0.02971473
0.08588757
0.18098386
0.23683000
0.27678123
0.30816307
0.29803506
0.22548566
0.16192738
0.15436957
0.17403423
0.23111046
0.30369195
0.32923048
0.26805598
0.10408711
-0.11437129
-0.27734202
-0.36486645
-0.44403849
-0.53101587
-0.59675623
-0.62921383
-0.66036188
-0.64305044
-0.57653078
-0.49662680
-0.38213052
-0.21947120
-0.08535764
-0.07318829
-0.10374437
-0.10056569
-0.04417464
0.04805455
0.16309635
0.27265240
0.32502372
0.34412605
0.32128302
0.25474808
0.19499162
0.21185227
0.32447820
0.50857779
0.67061366
0.70952274
0.59860977
0.43408010
0.32097130
0.27146815
0.25537153
0.19776505
0.11377916
0.02192374
-0.07328181
-0.15050571
-0.14268355
0.00218146
0.16105485
0.20870446
0.14366518
0.03253507
-0.05212149
-0.06346507
0.00280475
0.07794072
0.05232411
-0.12205317
-0.34718065
-0.49745195
-0.58455464
-0.65330222
-0.67778180
-0.61059284
-0.47085448
-0.35464371
-0.30446974
-0.27539527
-0.24293767
-0.19958803
-0.17149458
-0.17419009
-0.22994149
-0.32893404
-0.40313528
-0.43705677
-0.35174650
-0.12527860
0.12077540
0.24698857
0.24331205
0.12219329
-0.09188659
-0.30648067
-0.44347616
-0.42030613
-0.31648490
-0.21836488
-0.15365291
-0.16005703
-0.20415389
-0.25524775
-0.25775531
-0.14766978
-0.02408962
0.05296284
0.07482439
0.08531088
0.15159644
0.25507508
0.33709848
0.33519757
0.25442107
0.09511203
-0.11044462
-0.24695801
-0.27213744
-0.25959509
-0.22721542
-0.15499302
-0.00503295
0.12774047
0.20287643
0.22423876
0.16491933
0.08317617
0.00698070
-0.06296646
-0.15753267
-0.25976624
-0.34013780
-0.38674221
-0.41465077
-0.42064995
-0.41857636
-0.42682027
-0.41870167
-0.40135814
-0.38883108
-0.35179234
-0.21822430
-0.03315837
0.09765182
0.13788437
0.08914418
-0.01625187
-0.12538756
-0.21051216
-0.24457423
-0.21548295
-0.16420266
-0.12261412
-0.08504606
-0.02477526
0.06757877
0.18163787
0.29364035
0.32242143
0.25276923
0.18897716
0.15457281
0.15323270
0.17495412
0.22855554
0.29577506
0.35561097
0.43917619
0.50466747
0.54430697
0.56992343
0.55985807
0.53140553
0.49054969
0.49176450
0.55128869
0.63603816
0.71611328
0.73658780
0.70919421
0.65456440
0.59063175
0.48176180
0.37806434
0.34905100
0.36282496
0.34328561
0.25649465
0.13610799
0.06184456
0.08422030
0.15332591
0.23506814
0.33672563
0.43408010
0.51012113
0.54296686
0.54033400
0.48098248
0.37798641
0.27329113
0.16833149
0.06982258
0.00598345
0.00263334
0.00154261
-0.02295213
-0.05491066
-0.11147301
-0.18603258
-0.24284446
-0.28899809
-0.36840392
-0.47922215
-0.55194270
-0.56518643
-0.53269827
-0.44720005
-0.35098247
-0.26087255
-0.14424172
-0.01039314
0.03420234
-0.01899429
-0.04405010
-0.03083663
0.00227497
0.05419385
0.12738214
0.18383523
0.22433350
0.21742971
0.16033819
0.10879294
0.09585986
0.06985375
-0.00529786
-0.06315350
-0.09774534
-0.13751030
-0.16389094
-0.15859314
-0.13568732
-0.11314028
-0.12975064
-0.22042165
-0.36918171
-0.48141951
-0.53425690
-0.56024773
-0.56013924
-0.52716668
-0.46928057
-0.43322438
-0.39599922
-0.31212075
-0.21356523
-0.14586223
-0.14065795
-0.17525056
-0.21719591
-0.24636512
-0.24264123
-0.18791821
-0.08501489
0.03727192
0.18171580
0.31494156
0.36424300
0.33680357
0.28276512
0.24711387
0.21549823
0.18012662
0.16992068
0.12989076
0.01773226
-0.12682118
-0.25175613
-0.34418870
-0.40869743
-0.43264677
-0.42024348
-0.36802955
-0.23633032
-0.10880852
-0.06538172
-0.06497663
-0.07371807
-0.08524868
-0.08323852
-0.02441678
0.07401406
0.16459232
0.24036594
0.31255778
0.37242273
0.44095180
0.50969938
0.52042028
0.47728915
0.40486505
0.27971052
0.14433524
0.04274116
0.00199449
0.00623276
0.00166727
-0.01207598
-0.01776343
0.03911064
0.12714834
0.20395218
0.29671023
0.39070143
0.43390895
0.44090596
0.40051771
0.30814779
0.20382688
0.15273394
0.12599527
0.08344114
0.05135791
0.03448274
0.03323615
0.04699499
0.10028514
0.13813359
0.15460337
0.10773338
-0.01788797
-0.16096164
-0.28139292
-0.37564847
-0.45658084
-0.49866829
-0.48822856
-0.44590731
-0.36827862
-0.27213744
-0.17255353
-0.10792026
-0.06524144
-0.02648929
-0.00927124
0.01494306
0.04584191
0.03167798
-0.02097328
-0.07695909
-0.14924353
-0.21205398
-0.22104510
-0.19427496
-0.16445174
-0.13395770
-0.10467924
-0.07376483
-0.04634052
-0.04012344
-0.07914056
-0.16714724
-0.27118698
-0.32237406
-0.32614532
-0.28814085
-0.20262735
-0.13853883
-0.10372878
-0.07789396
-0.08778848
-0.10882411
-0.13758823
-0.17239767
-0.18506685
-0.19410381
-0.18112444
-0.16837733
-0.14813721
-0.13130880
-0.13112177
-0.13148010
-0.09473796
-0.03485666
0.01051778
0.07267410
0.12820790
0.17626214
0.19969805
0.19637910
0.16454495
0.11265726
0.02186140
-0.09777651
-0.23380596
-0.35779152
-0.44483155
-0.46772195
-0.43323966
-0.38060398
-0.30916089
-0.21312973
-0.12448386
-0.05517548
0.01957083
0.09855552
0.17570134
0.24409136
0.31275948
0.35947545
0.38633728
0.40355550
0.43275679
0.43557607
0.42005706
0.39539105
0.33608690
0.22701219
0.10626858
0.00423828
-0.06842012
-0.09526774
-0.08926871
-0.05140467
0.01062686
0.06626983
0.07953006
0.06558419
0.06940190
0.07747329
0.04683928
0.00540692
-0.02690996
-0.03610325
0.02120693
0.12841052
0.19440026
0.21247419
0.19852909
0.14191998
0.05600139
-0.02471292
-0.07267410
-0.12557459
-0.15351233
-0.12766254
-0.06365210
0.00849214
0.06731380
0.10221737
0.13962957
0.18798086
0.21295859
0.19675348
0.14374311
0.07010298
-0.01084500
-0.05561189
-0.06167326
-0.05040746
-0.00780654
0.05307194
0.11262608
0.17113549
0.21465627
0.26172980
0.29561919
0.32736013
0.33487057
0.29317429
0.24677006
0.21995407
0.19901195
0.12948567
0.04621598
-0.01389907
-0.03953131
-0.02281185
0.02176788
0.07887559
0.09035945
0.08582522
0.07116254
0.05688950
0.03060284
-0.01397697
-0.00553158
0.05238645
0.13378625
0.18452133
0.23054966
0.29108543
0.34848867
0.34959499
0.30439334
0.23471058
0.13285138
0.02920053
-0.04260089
-0.06547524
-0.07968592
-0.10391582
-0.16242553
-0.21090182
-0.26799333
-0.34094767
-0.41019341
-0.47831754
-0.52777485
-0.56813254
-0.57528388
-0.56224185
-0.53067359
-0.47560676
-0.41731418
-0.38090043
-0.39031177
-0.41131501
-0.43333287
-0.43849009
-0.41276514
-0.34552881
-0.25348590
-0.12959477
-0.00246194
0.08171152
0.11709812
0.10684511
0.08757027
0.06796827
0.04336446
-0.01151503
-0.04649638
-0.04160367
0.01149944
0.08046493
0.12691470
0.14661022
0.13981645
0.10436766
0.07323490
0.06910576
0.07675647
0.09743362
0.12356458
0.16783334
0.21819374
0.26187038
0.27149871
0.25146121
0.22229200
0.19268577
0.15173657
0.09074910
0.05712330
0.01852685
-0.02899791
-0.05611050
-0.06561536
-0.06042667
-0.03555789
-0.00554716
0.01823087
0.02257821
0.03418676
0.05455233
0.05146702
0.06274841
0.10382230
0.14047092
0.16071257
0.17336493
0.19117452
0.20019620
0.21448513
0.23430564
0.25786533
0.28720568
0.29504311
0.30671446
0.30591987
0.27816871
0.19877816
0.10544281
0.02879544
-0.00336570
-0.01798149
-0.03125731
-0.02444795
-0.02276525
-0.02588158
-0.04027930
-0.05628179
-0.06857598
-0.06751642
-0.05006471
-0.04986209
-0.07932744
-0.08507724
-0.08163359
-0.06732939
-0.04556151
-0.02742416
0.00135563
0.00584321
0.01422629
0.02318592
0.00919332
-0.02117575
-0.05081255
-0.08306722
-0.12830142
-0.17311433
-0.21830223
-0.26333427
-0.30699410
-0.32650289
-0.31386580
-0.28257870
-0.25530888
-0.24158228
-0.25119533
-0.26590447
-0.26222795
-0.25019903
-0.24988731
-0.25029224
-0.24985522
-0.24962142
-0.21549823
-0.17630951
-0.15193919
-0.13472127
-0.12217770
-0.09526774
-0.04788325
-0.02284302
-0.02923170
-0.03948455
-0.04193098
-0.03125731
-0.02370011
-0.03660186
-0.06750084
-0.10478834
-0.15416787
-0.18478568
-0.20326608
-0.22303923
-0.24636512
-0.26880321
-0.25481073
-0.25275395
-0.26590447
-0.26483024
-0.23826333
-0.18435018
-0.11298442
-0.04701057
0.01249669
0.06341831
0.10798260
0.14212260
0.16180208
0.17175894
0.15860842
0.14541038
0.12627582
0.09868021
0.05593905
0.00325662
-0.03543320
-0.04926997
-0.04088686
-0.00698070
0.03521514
0.07318829
0.11591387
0.14277707
0.15349705
0.15186126
0.13599889
0.07949889
-0.00132446
-0.06441568
-0.11588269
-0.12890913
-0.10854356
-0.08942458
-0.08853647
-0.10062803
-0.10237324
-0.09018815
-0.05966309
-0.02153424
0.02770456
0.08531088
0.12181937
0.14793459
0.16390622
0.17024768
0.16747425
0.17231974
0.18107707
0.16928195
0.16833149
0.17129135
0.18548706
0.20800308
0.21727384
0.22911634
0.22684105
0.21256893
0.18819785
0.16487196
0.15544533
0.15251573
0.16410792
0.16963951
0.17735318
0.19443082
0.20867237
0.21607431
0.21136940
0.19908989
0.20805045
0.21615224
0.22082659
0.24354584
0.26074725
0.27799604
0.28807820
0.29170888
0.27740468
0.25710129
0.24217364
0.23008207
0.22897575
0.23249794
0.24451158
0.24521296
0.24430834
0.24585169
0.23617446
0.21881719
0.18604786
0.14343154
0.11376357
0.08322293
0.05464570
0.01413279
-0.01447559
-0.02499331
-0.04158809
-0.03562023
-0.02477526
0.00501738
0.04481352
0.06092527
0.06706457
0.05576760
0.02077066
-0.01815294
-0.03420234
-0.04166602
-0.05584553
-0.07706820
-0.09467562
-0.09908530
-0.09906971
-0.09049972
-0.07247147
-0.07766017
-0.11365447
-0.15421371
-0.18567349
-0.21437511
-0.23809218
-0.23799744
-0.23240473
-0.23324516
-0.23337047
-0.22371005
-0.17973696
-0.12024562
-0.05838548
-0.00927124
0.04361369
0.07773810
0.09227610
0.09808809
0.09665461
0.06838895
0.03523073
0.01143713
-0.00847655
-0.01494306
-0.03231687
-0.04825717
-0.07823671
-0.11750321
-0.15497774
-0.18301007
-0.20572779
-0.21461043
-0.19128301
-0.15814084
-0.10405594
-0.05064125
-0.01815294
-0.00880379
-0.02246911
-0.04766504
-0.06795269
-0.06363652
-0.04115182
-0.00927124
-0.00790003
-0.02239118
-0.04479794
-0.05279154
-0.04101155
-0.03417117
-0.03696035
-0.02444795
0.00483039
0.01991373
0.05357055
0.06901224
0.07976385
0.08362817
0.06958878
0.06960437
0.08020012
0.11287531
0.13950488
0.14757626
0.13409798
0.10379113
0.07370248
0.05179433
0.04149457
0.03976495
0.04311508
0.06502339
0.10784233
0.14168634
0.14714000
0.14491178
0.14929029
0.16007231
0.17051204
0.17772756
0.17551492
0.17721260
0.17447125
0.15167438
0.11739410
0.06606736
-0.00660674
-0.07222209
-0.12224005
-0.13582744
-0.12298804
-0.12245826
-0.12481117
-0.13972293
-0.15466602
-0.16963951
-0.18420960
-0.20755077
-0.24053861
-0.25802119
-0.25655578
-0.26559427
-0.28260926
-0.28801555
-0.28469660
-0.27001954
-0.25432786
-0.24220573
-0.23245057
-0.18863487
-0.12993752
-0.09384985
-0.06700223
-0.05997482
-0.06273282
-0.05844782
-0.04663666
-0.04640286
-0.03741219
0.00885053
0.08408002
0.15781383
0.21462571
0.25954772
0.27084470
0.26666850
0.24474537
0.20108401
0.14860465
0.11000836
0.10235750
0.10748400
0.12049485
0.13779085
0.14846437
0.15254690
0.16398415
0.16706931
0.17987754
0.17936258
0.18176317
0.19728219
0.20981078
0.21632339
0.21210135
0.20692732
0.18805879
0.16636793
0.15030309
0.14812163
0.13222808
0.09168397
0.05657793
0.04612246
0.04626274
0.07181701
0.10189006
0.13314737
0.15165879
0.15013164
0.14982007
0.12454620
0.09433287
0.06362093
0.04288144
0.02932522
0.01372767
-0.00699627
-0.02631784
-0.04760270
-0.05009589
-0.03990523
-0.02969914
-0.02910701
-0.06189131
-0.08637059
-0.11507236
-0.14486502
-0.17623158
-0.19558451
-0.21926797
-0.24962142
-0.28923189
-0.32457142
-0.33719322
-0.34546616
-0.34125940
-0.35324247
-0.35910107
-0.35772887
-0.35878935
-0.34976766
-0.33247151
-0.32750071
-0.32815473
-0.32843589
-0.31969384
-0.30278734
-0.28789178
-0.24560261
-0.18285421
-0.10737489
-0.03456067
0.01618968
0.03011982
0.01542611
-0.00849214
-0.04013902
-0.06916811
-0.09980212
-0.12931422
-0.15954360
-0.18963117
-0.21750764
-0.23249794
-0.23935436
-0.23639298
-0.24083353
-0.25222371
-0.25333003
-0.25069718
-0.22931957
-0.21253685
-0.19881025
-0.18112444
-0.15066142
-0.12967270
-0.10996160
-0.09193335
-0.08543557
-0.07186376
-0.07566574
-0.08718077
-0.08862983
-0.07904704
-0.06143947
-0.03010423
-0.01181109
-0.01446001
-0.03837824
-0.06971347
-0.09935027
-0.12904941
-0.16029082
-0.17894237
-0.17548283
-0.16068048
-0.13990997
-0.11994948
-0.10017603
-0.08719635
-0.09048414
-0.10257570
-0.10312107
-0.10268481
-0.10157849
-0.08468773
-0.07387378
-0.07013415
-0.05805817
-0.05821403
-0.04969064
-0.03868981
-0.02918495
-0.02703465
-0.02891998
-0.02715934
-0.02904467
-0.02575689
-0.00347477
0.03036920
0.04869343
0.06469608
0.07625786
0.07739535
0.07482439
0.05143585
0.02661398
0.02075508
0.02993293
0.04135445
0.05519106
0.07435680
0.09363164
0.11714472
0.14090718
0.14953952
0.16289311
0.18520590
0.19530334
0.20505850
0.21548295
0.22445727
0.23662677
0.23316723
0.22441143
0.21912891
0.20577516
0.19854437
0.19190646
0.18419432
0.19704839
0.21417340
0.22520602
0.22656141
0.22517393
0.22648348
0.22509600
0.22652932
0.22472163
0.22843024
0.24056917
0.24024217
0.24901478
0.25945451
0.27114114
0.29501255
0.30936260
0.32731276
0.35537718
0.36126634
0.35994151
0.35869613
0.34259951
0.32249936
0.30218070
0.28223488
0.26992480
0.27026862
0.26951987
0.27056353
0.26751046
0.25303512
0.23745345
0.21685363
0.19843587
0.19485256
0.19338715
0.20463676
0.20219033
0.18386732
0.17066790
0.15401201
0.14821515
0.15173657
0.16590034
0.18787084
0.20437240
0.21049535
0.20653767
0.18620372
0.16783334
0.16389094
0.16314219
0.17255353
0.18893132
0.19503899
0.19260784
0.19513220
0.19003764
0.18040778
0.16650851
0.14751392
0.14101628
0.12188172
0.11865628
0.11564890
0.10360409
0.10128235
0.08588757
0.07158321
0.04754035
0.02292095
0.02340398
0.02814097
0.02867075
0.01846451
0.01156177
0.01338486
0.01090733
-0.00534460
-0.01611175
-0.02874868
-0.05098400
-0.06988492
-0.09057765
-0.11049138
-0.12275424
-0.12225564
-0.13099708
-0.14982007
-0.17933202
-0.20945168
-0.24011687
-0.26091992
-0.28129971
-0.29078899
-0.27812134
-0.27059562
-0.25613556
-0.24271916
-0.24571111
-0.25987473
-0.28267191
-0.29135131
-0.31187168
-0.32854438
-0.34317559
-0.35772887
-0.37569584
-0.40326058
-0.41843578
-0.43327022
-0.44263573
-0.45298225
-0.45517807
-0.45094075
-0.43997078
-0.43052735
-0.41225018
-0.39056085
-0.37268861
-0.35015731
-0.33370160
-0.30724470
-0.28128443
-0.26123012
-0.24342054
-0.21742971
-0.19951010
-0.19087807
-0.18341501
-0.18517534
-0.18679661
-0.20032150
-0.19996241
-0.19238933
-0.17224181
-0.15232869
-0.13885041
-0.11443348
-0.09081129
-0.08217896
-0.07061717
-0.05685833
-0.03780170
-0.01802825
-0.00344360
0.01728041
0.03585403
0.03727192
0.02307682
-0.00194775
-0.03061842
-0.04543682
-0.05282272
-0.04138562
-0.02692555
-0.01011266
-0.00637300
0.00341244
0.00934915
0.01773226
0.02466616
0.03364139
0.05852560
0.06731380
0.06952644
0.06851364
0.06045784
0.05084372
0.05765308
0.06558419
0.05218383
0.03555789
0.02387156
0.02278083
0.03166240
0.05051656
0.07819010
0.08476551
0.08060520
0.06673726
0.04445519
0.02798511
0.02206402
0.02362218
0.03027568
0.05160729
0.06985375
0.09208906
0.10743724
0.11686432
0.12661856
0.13104384
0.14191998
0.15186126
0.15987060
0.15567912
0.16864322
0.16421794
0.15672279
0.14969538
0.13922432
0.11807974
0.09254091
0.08489020
0.07282981
0.06499221
0.04467340
0.02659824
0.02273407
0.01531700
0.02365336
0.03964042
0.06145505
0.07540093
0.06909018
0.05802699
0.05131116
0.05297843
0.05254216
0.04447078
0.02669176
0.02047468
-0.00148028
-0.01682841
-0.03438923
-0.06221863
-0.07697468
-0.09221375
-0.10090843
-0.11324938
-0.13916198
-0.16066520
-0.17428330
-0.18833843
-0.17898974
-0.16239496
-0.14728012
-0.11376357
-0.09838423
-0.08778848
-0.08830267
-0.08453187
-0.07401406
-0.05528458
-0.02843696
-0.01852685
-0.00941148
0.00367733
0.03371932
0.06463373
0.09146576
0.10768662
0.11323380
0.11170665
0.11932619
0.11351419
0.11206513
0.10583231
0.11226760
0.13729224
0.14511440
0.15909129
0.17507789
0.18674924
0.19609794
0.20611745
0.21693156
0.21744499
0.21769559
0.21674513
0.21886303
0.20727114
0.20404540
0.21725856
0.22612439
0.23471058
0.22311716
0.20805045
0.19157945
0.15962153
0.14202909
0.14257445
0.14301071
0.14176427
0.14564418
0.15661430
0.16703875
0.17395629
0.17230446
0.17136928
0.15496246
0.14184205
0.11645923
0.09422377
0.08192973
0.06452463
0.05296284
0.01742054
-0.01953966
-0.05665586
-0.09615600
-0.12013652
-0.13141775
-0.14045533
-0.14313540
-0.14039299
-0.15108225
-0.16625944
-0.18140408
-0.19625380
-0.21127466
-0.21900361
-0.20610217
-0.20208183
-0.19186062
-0.18662394
-0.17707354
-0.17150986
-0.16173943
-0.16452967
-0.17260090
-0.17987754
-0.18759121
-0.19457140
-0.20303229
-0.20267319
-0.21531028
-0.19870023
-0.17665180
-0.14305747
-0.11744086
-0.10714125
-0.09710646
-0.09539243
-0.09679489
-0.09531450
-0.09835305
-0.11315586
-0.12616671
-0.13215015
-0.12805219
-0.12412553
-0.12928305
-0.13997231
-0.14157724
-0.14020595
-0.13387977
-0.11164430
-0.09632745
-0.08671333
-0.07099124
-0.06215628
-0.04972182
-0.03195853
-0.02214195
-0.01081385
0.00291382
0.02276525
0.03948455
0.04830393
0.05791789
0.07750446
0.09525215
0.10241984
0.11485431
0.11443348
0.11515029
0.11423101
0.11697343
0.13215015
0.14486502
0.15278069
0.16498198
0.17250769
0.18579879
0.18963117
0.19310599
0.20398275
0.20833009
0.21909682
0.22305451
0.23623711
0.25981208
0.27424158
0.28474397
0.29332863
0.29940574
0.30699410
0.29638323
0.29441966
0.29691346
0.29217647
0.28178258
0.27149871
0.26204152
0.25153914
0.24198722
0.23193714
0.22129418
0.22098245
0.21241307
0.20219033
0.18950740
0.17554548
0.16831621
0.15619255
0.14771654
0.14469357
0.14738923
0.14511440
0.13976969
0.11673963
0.10229530
0.09796355
0.08758586
0.08316059
0.07237796
0.06874743
0.05536251
0.03061842
-0.00035838
-0.02968355
-0.06059811
-0.08143112
-0.09346035
-0.09112302
-0.07677206
-0.05251099
-0.02139396
0.00877261
0.03019775
0.04165043
0.04174395
0.04253869
0.03932869
0.02736181
0.02485319
0.01151503
0.01313556
0.00152703
-0.03033802
-0.05095282
-0.06383914
-0.08755469
-0.09336683
-0.09342917
-0.08197649
-0.05230852
-0.04609129
-0.05737253
-0.06313791
-0.07081979
-0.08133761
-0.09364723
-0.11014848
-0.12407877
-0.14598692
-0.16297104
-0.16806714
-0.16724045
-0.16727102
-0.16758427
-0.16688289
-0.16792656
-0.16621207
-0.17037299
-0.18117028
-0.19128301
-0.20655448
-0.22246315
-0.22788624
-0.22690370
-0.22729336
-0.21944064
-0.19893402
-0.17995547
-0.16426531
-0.15287360
-0.14321333
-0.12722627
-0.11848483
-0.10799819
-0.09810367
-0.08836502
-0.07613317
-0.05219942
-0.04618481
-0.03960924
-0.01869830
-0.00007791
0.02391817
0.04696381
0.06486752
0.08668216
0.11095881
0.13129322
0.14877610
0.14634525
0.12911175
0.09268119
0.06067589
0.03387503
0.01848010
0.00370849
-0.01134363
-0.02644253
-0.04099596
-0.05824520
-0.08870776
-0.11036669
-0.12085333
-0.12284776
-0.11836014
-0.11571124
-0.12358016
-0.12016769
-0.12359575
-0.11147301
-0.10636209
-0.10603493
-0.10958753
-0.12077540
-0.12463972
-0.13571849
-0.14564418
-0.16121072
-0.17052885
-0.18020455
-0.19103393
-0.20572779
-0.22224463
-0.22704428
-0.22701219
-0.21839544
-0.20075700
-0.19679932
-0.18745062
-0.18827578
-0.20194125
-0.20970076
-0.21351939
-0.20822159
-0.19762600
-0.19429024
-0.18092121
-0.19100337
-0.19778186
-0.19686197
-0.18785556
-0.18050099
-0.17406631
-0.16387566
-0.16934460
-0.15636523
-0.14983566
-0.13369273
-0.12306597
-0.11222084
-0.10595700
-0.10550515
-0.08929989
-0.07527624
-0.05946062
-0.04528111
-0.02944976
-0.01544169
0.00091933
0.01224738
0.02164334
0.03797315
0.05216825
0.06773463
0.08221013
0.09765182
0.11223658
0.12156999
0.13191651
0.13402005
0.12336195
0.11642806
0.11865628
0.11530616
0.10227972
0.10377554
0.09316421
0.08690037
0.07991956
0.06184456
0.05526899
0.04174395
0.05146702
0.06734497
0.07594629
0.08694697
0.08816240
0.08521751
0.07050807
0.05671821
0.05846341
0.05564306
0.06768787
0.07209756
0.08160242
0.08824033
0.08744573
0.08479668
0.07254941
0.07136516
0.07516713
0.08604328
0.09654551
0.10324576
0.10148497
0.10259129
0.09367840
0.08250627
0.07384261
0.06220304
0.04814806
0.03091456
0.02706583
0.01821528
0.00183866
-0.00629509
-0.01960200
-0.03604091
-0.04805455
-0.04836627
-0.04870902
-0.03998316
-0.02924729
-0.01949305
-0.01748288
-0.02106680
-0.03382827
-0.03124172
-0.01841775
-0.01879182
-0.01833997
-0.02059937
-0.03471654
-0.03064960
-0.01975786
-0.01586237
-0.00464340
0.00489272
0.02102004
0.02934066
0.04062204
0.04129210
0.04063763
0.04129210
0.04027930
0.04306832
0.05774660
0.07298567
0.08778848
0.10137587
0.09949054
0.11013290
0.11681756
0.11476079
0.12379822
0.14157724
0.14508323
0.15469658
0.16160037
0.16004175
0.16016705
0.16110069
0.15720566
0.14657905
0.13501726
0.13807125
0.14721793
0.14405469
0.14551949
0.15262483
0.17133872
0.17501677
0.17534378
0.17429858
0.17587249
0.17186896
0.16064992
0.15717510
0.14380546
0.11825104
0.09649875
0.08309839
0.06737615
0.05386669
0.06349624
0.07915614
0.08844295
0.09788562
0.10968105
0.10693863
0.09508086
0.08420471
0.05751280
0.03615001
0.02298330
0.00634183
-0.00504854
-0.00821166
-0.02078625
-0.02098887
-0.01294857
0.00551600
0.00712093
-0.00581205
-0.01391464
-0.03208322
-0.03607208
-0.03675772
-0.02715934
-0.01757640
-0.00637300
-0.00637300
-0.00545367
-0.00909983
-0.02027206
-0.03064960
-0.03725633
-0.03781728
-0.05207473
-0.05068801
-0.05207473
-0.05053215
-0.05413150
-0.06617631
-0.06823324
-0.08422030
-0.09600014
-0.10478834
-0.12236474
-0.12699248
-0.12672767
-0.12618230
-0.12766254
-0.11736293
-0.11035110
-0.11271960
-0.10326135
-0.08605886
-0.08138436
-0.08163359
-0.08238158
-0.08087017
-0.08492137
-0.09614042
-0.09813485
-0.09364723
-0.08337879
-0.07214432
-0.06658155
-0.05889967
-0.04179071
-0.03399972
-0.02268731
-0.01374325
-0.00292940
0.00652882
0.00911542
0.00595230
0.01809059
0.02256262
0.03194295
0.03865879
0.03928193
0.05330574
0.05201238
0.05347703
0.04386307
0.03371932
0.02343515
0.02193933
0.02303006
0.02357542
0.04094920
0.05132674
0.05413150
0.04252311
0.03678890
0.03749012
0.03772377
0.03688241
0.03957807
0.06062929
0.07198845
0.07920290
0.06631659
0.04925438
0.03660186
0.01852685
0.00936472
-0.00314755
-0.00730792
-0.01698427
-0.02374687
-0.02240676
-0.02253145
-0.02329502
-0.02013178
-0.00783770
-0.00751048
-0.00800910
-0.00727675
-0.00847655
-0.00511087
0.00715210
0.00733908
0.00719885
0.00726118
0.00737025
0.00679371
0.00969194
0.02186140
0.03082104
0.03940662
0.03552672
0.03903271
0.03353229
0.02370011
0.01872948
0.01001916
0.02203284
0.02232883
0.02223531
0.02192374
0.02444795
0.03717840
0.04515642
0.05693626
0.06528820
0.07086655
0.08080783
0.09155928
0.10039424
0.11234553
0.11011731
0.09668578
0.09829071
0.08785082
0.08096369
0.08286460
0.08192973
0.08233482
0.08261522
0.07990398
0.06757877
0.05899304
0.04811689
0.03828472
0.03671097
0.03749012
0.04517201
0.05717006
0.06530379
0.07125605
0.07460618
0.08191414
0.08219454
0.07688116
0.07122488
0.06764111
0.05889967
0.04227373
0.03491900
0.01271483
-0.02064597
-0.04591984
-0.06337170
-0.06773463
-0.06760994
-0.06706457
-0.06796827
-0.06514792
-0.05165405
-0.06128360
-0.07050807
-0.09028167
-0.10740607
-0.12336195
-0.15262483
-0.16621207
-0.17473561
-0.16819091
-0.15896599
-0.14721793
-0.14132786
-0.14235624
-0.14204467
-0.14209143
-0.14215378
-0.14195115
-0.14237198
-0.13998790
-0.12633816
-0.12823907
-0.11739410
-0.11092764
-0.11226760
-0.11212748
-0.10980574
-0.09659227
-0.09718439
-0.09659227
-0.09704411
-0.09671696
-0.09656109
-0.10502213
-0.11485431
-0.10072140
-0.09746479
-0.08696256
-0.08129085
-0.07937420
-0.06706457
-0.06421305
-0.05174757
-0.05124896
-0.05240204
-0.04866226
-0.03752130
-0.02722154
-0.02030323
-0.01572209
-0.01907222
-0.02362218
-0.01112548
-0.00607694
-0.00570298
-0.01551963
-0.02290537
-0.02031882
-0.02250028
-0.01215388
-0.00300731
0.01015941
0.02639577
0.03889243
0.03812901
0.04778973
0.05550279
0.05276037
0.05475480
0.05288506
0.05656235
0.06894990
0.06865391
0.06969789
0.06623866
0.05461468
0.04560827
0.02712817
0.00500180
-0.00405129
-0.01608058
-0.02114473
-0.02158100
-0.01781004
-0.00666905
-0.00439410
-0.00938031
-0.01894753
-0.03102351
-0.03562023
-0.03840941
-0.04981533
-0.05349262
-0.06506999
-0.06625424
-0.06469608
-0.06684637
-0.06232758
-0.05134233
-0.04964404
-0.05149819
-0.04928555
-0.05205914
-0.04677693
-0.03719399
-0.02390258
-0.00172960
0.00861680
0.01844892
0.02840579
0.03904829
0.03995199
0.03962483
0.03953131
0.04020137
0.03861203
0.04930114
0.05568967
0.05466128
0.05433412
0.05600139
0.04501614
0.03940662
0.03761466
0.02521152
0.02253145
0.00995685
0.00952054
0.01819970
0.03565141
0.04048177
0.04018578
0.03169357
0.02078625
0.01112548
0.00916216
0.01084500
0.00925565
0.01093851
0.00903750
0.01165527
0.00020256
-0.00537576
-0.01277716
-0.03069635
-0.03535542
-0.03463861
-0.03488783
-0.03471654
-0.03481005
-0.03474771
-0.03465419
-0.03515280
-0.02636460
-0.01539494
-0.00627952
-0.00141795
0.00922449
0.01936836
0.02879544
0.04002992
0.04034164
0.04051294
0.04004551
0.04084025
0.03965600
0.04165043
0.03075870
0.02446354
0.02561661
0.02578806
0.02310799
0.01042430
0.01042430
0.01073593
0.00976986
0.01943070
0.02743974
0.02370011
0.03546437
0.04129210
0.04049735
0.03993640
0.04951935
0.05727916
0.05441205
0.05664028
0.05414709
0.06524144
0.07163012
0.07041470
0.06285736
0.04443961
0.04051294
0.04034164
0.04110507
0.04004551
0.04160367
0.03783287
0.02625550
0.02352867
0.00880379
-0.00665348
-0.01939953
-0.01897870
-0.01982021
-0.01681283
-0.00422270
-0.00414478
-0.00475248
0.00451876
0.01290182
0.00885053
0.02078625
0.02666058
0.02546090
0.02603729
0.02563220
0.02585041
0.02742416
0.04213345
0.03867437
0.05202797
0.04644962
0.04875577
0.05001795
0.02854606
0.02683203
0.01673505
0.00741699
-0.00363059
-0.00461225
-0.00194775
0.01171759
0.00183866
-0.00581205
-0.00285149
-0.00532902
-0.00261776
-0.00624834
0.00701186
0.00182309
0.00317871
0.01371208
0.00864795
0.02105122
0.02690996
0.02497773
0.03493459
0.04409686
0.05788672
0.07074186
0.07938978
0.08831826
0.08231923
0.07192611
0.06838895
0.05561189
0.05684275
0.04654314
0.03987406
0.03954690
0.02485319
0.02733064
0.01639215
0.00952054
0.01224738
0.00141795
-0.00514203
-0.01126573
-0.03100793
-0.03275313
-0.04602894
-0.06489870
-0.07198845
-0.08210103
-0.06873184
-0.05578319
-0.03778611
-0.03468536
-0.03093015
-0.02186140
-0.03381269
-0.03462302
-0.03337642
-0.03554230
-0.02429224
-0.01872948
-0.01710896
-0.00406688
-0.00419154
-0.00442526
-0.00383315
-0.00493947
-0.00297615
-0.01391464
-0.02016295
-0.01916574
-0.01877623
-0.02192374
-0.03359463
-0.04331770
-0.05093724
-0.04842862
-0.04984651
-0.04937907
-0.04104272
-0.03172474
-0.03820679
-0.04817924
-0.05184109
-0.07279863
-0.08164918
-0.08370595
-0.09166839
-0.09182425
-0.07987280
-0.07901587
-0.07991956
-0.07904704
-0.07995074
-0.07907821
-0.08010660
-0.07753563
-0.06210952
-0.04997120
-0.04127651
-0.02432341
-0.01064244
0.00525110
0.01985138
0.02701907
0.02371570
0.02857724
0.03932869
0.04151015
0.03069635
0.02401169
0.02580365
0.02469733
0.02560103
0.02463498
0.02580365
0.02390258
0.03463861
0.04110507
0.03987406
0.03945338
0.04923880
0.05459909
0.03840941
0.04161926
0.03653952
0.02580365
0.02388700
0.02767354
0.03970276
0.03992082
0.03988964
0.03964042
0.04023254
0.03879891
0.04911411
0.05597022
0.05422502
0.05483273
0.05489508
0.05408474
0.05593905
0.04478235
0.03934428
0.03099234
0.02245352
0.03401531
0.04154133
0.03590079
0.02609963
0.02063039
0.01922808
0.02535180
0.02449471
0.02237559
0.00905309
0.00984777
0.00880379
0.01042430
0.00007791
-0.00712093
-0.00467458
-0.01285508
-0.00693396
-0.00489272
-0.00690278
0.00361500
0.01061129
0.00830516
0.01026848
0.00024931
-0.01556638
-0.03041595
-0.03925076
-0.05051656
-0.05106193
-0.05084372
-0.05096841
-0.05095282
-0.05075036
-0.05279154
-0.06717368
-0.05640648
-0.05000237
-0.05129557
-0.05121779
-0.05026718
-0.06017729
-0.06898107
-0.08347231
-0.09525215
-0.10570762
-0.11017965
-0.09540802
-0.09634289
-0.09668578
-0.08705608
-0.08009101
-0.07360897
-0.06143947
-0.05311870
-0.04155691
-0.03482549
-0.03772377
-0.02658281
-0.02039675
-0.02126927
-0.02354425
-0.03613443
-0.04453312
-0.05568967
-0.06505456
-0.06770346
-0.06316908
-0.05243306
-0.04221138
-0.03471654
-0.03778611
-0.03334525
-0.02200167
-0.02064597
-0.03002630
-0.04685486
-0.05237087
-0.05095282
-0.05190328
-0.05104634
-0.05212149
-0.04909852
-0.03624353
-0.03691359
-0.03582285
-0.03773935
-0.02686321
-0.02080184
-0.01978904
-0.00603020
-0.00698070
-0.00621719
-0.00680930
-0.00641975
-0.00655998
-0.00701186
0.00204123
0.01075152
0.00613927
0.01893210
0.02331046
0.02603729
0.03770818
0.04708850
0.06327819
0.07183259
0.08242834
0.09230727
0.10062803
0.08839619
0.08245951
0.08367493
0.08334762
0.08295812
0.08579405
0.09797898
0.10689187
0.11580476
0.10961870
0.09961523
0.09542360
0.08372154
0.08308265
0.08369037
0.08294253
0.08417354
0.07459059
0.06463373
0.05403814
0.05297843
0.05374200
0.05307194
0.05374200
0.05302518
0.05385110
0.05286947
0.05417826
0.05215266
0.06305998
0.06943292
0.06835777
0.06653479
0.05293182
0.05402255
0.05280713
0.05439647
0.05071918
0.03876774
0.03826913
0.03873657
0.03847175
0.03683566
0.02859282
0.02918495
0.02762678
0.02385598
0.02218871
0.03361022
0.03884567
0.04096479
0.05329015
0.05578319
0.06904342
0.06784358
0.07737977
0.09366281
0.10056569
0.08866100
0.08339438
0.07527624
0.06500780
0.05394462
0.05433412
0.05067242
0.04768063
0.05587670
0.04437726
0.03562023
0.01654801
-0.00431618
-0.02929405
-0.04909852
-0.06679961
-0.06572446
-0.06626983
-0.06578681
-0.06628541
-0.06555301
-0.06672168
-0.06327819
-0.05117103
-0.05061008
-0.05140467
-0.05001795
-0.05374200
-0.06510117
-0.07446590
-0.09085805
-0.09886725
-0.11056916
-0.11077178
-0.11077178
-0.11060033
-0.11086530
-0.11033552
-0.11131715
-0.10799819
-0.09600014
-0.09335124
-0.08026246
-0.08088576
-0.08012218
-0.08108823
-0.07943654
-0.08995436
-0.09503410
-0.07840815
-0.09060883
-0.09578193
-0.09595338
-0.08626149
-0.07895352
-0.07340634
-0.05318105
-0.05160729
-0.04004551
-0.03535542
-0.02606861
-0.01899429
-0.02030323
-0.02215753
-0.03543320
-0.03493459
-0.03512163
-0.03516838
-0.03477888
-0.03543320
-0.03435805
-0.03588520
-0.03346994
-0.03878333
-0.04029489
-0.03241038
-0.01712455
-0.00596787
0.00478365
0.01089176
0.01204482
0.02564778
0.02494671
0.02550766
0.02513359
0.02538297
0.02536738
0.02504007
0.03346994
0.05132674
0.05570525
0.05570525
0.05475480
0.05813610
0.07021208
0.07096007
0.06960437
0.07979503
0.08700932
0.08490579
0.08468773
0.06714251
0.05721682
0.04584191
0.04002992
0.04034164
0.04962830
0.05752839
0.05467687
0.05679614
0.05487949
0.05695185
0.05455233
0.05791789
0.04534330
0.04151015
0.03122613
0.02591275
0.01690634
0.01017499
0.00920891
-0.00397339
-0.00445643
0.00515761
0.01280834
0.01001916
0.01860479
0.01199807
0.01149944
0.00255543
-0.00565623
-0.00243078
-0.00470573
-0.00275800
-0.00459666
-0.00113748
0.01181109
0.01017499
0.02153424
0.01882299
0.00743256
-0.00316312
-0.00283590
-0.01285508
-0.01925926
-0.02036557
-0.03339201
-0.03544878
-0.04874019
-0.04799235
-0.05498859
-0.05012706
-0.04685486
-0.05017382
-0.03806666
-0.03297134
-0.03259742
-0.03604091
-0.04771180
-0.04902074
-0.04682369
-0.05801141
-0.06383914
-0.06360534
-0.05419385
-0.04652755
-0.04911411
-0.04735347
-0.04883371
-0.04727554
-0.04933231
-0.03853410
-0.03202088
-0.03191178
-0.01516120
-0.00188542
0.01516120
0.02611522
0.02817215
0.02377805
0.01321346
0.00252427
-0.00412921
-0.00253986
-0.00300731
-0.00350593
0.00590554
0.01389907
0.01078267
0.01330696
0.01056453
0.01562858
0.02541414
0.03864320
0.06031756
0.07376483
0.08767938
0.08657306
0.08753910
0.08672892
0.08730546
0.09324214
0.08947134
0.08353466
0.07304801
0.07122488
0.07314153
0.07078862
0.07538534
0.08626149
0.08814681
0.08570053
0.09065559
0.10056569
0.11200279
0.11784595
0.11711355
0.11673963
0.11793947
0.11426218
0.10284067
0.09349152
0.08305163
0.07360897
0.06253020
0.05625077
0.05550279
0.04760270
0.04668341
0.05556513
0.06013053
0.07184818
0.07214432
0.07230003
0.07159895
0.07326607
0.06240551
0.05659352
0.04884929
0.03220776
0.01692193
0.01310438
0.02793835
0.02655163
0.02597510
0.00877261
-0.00174517
-0.01230971
-0.01939953
-0.01699986
-0.01891636
-0.01662594
-0.02758002
-0.03412441
-0.03242597
-0.03339201
-0.03262844
-0.03356346
-0.03086780
-0.01612734
-0.00070119
0.01202924
0.01182666
0.01188899
0.01227854
0.00355267
-0.00741699
-0.01670388
-0.02114473
-0.03278430
-0.03339201
-0.03301809
-0.03325173
-0.03328291
-0.03269078
-0.04174395
-0.05221500
-0.06237434
-0.06390133
-0.06267047
-0.06397926
-0.06221863
-0.07242472
-0.08163359
-0.09330448
-0.09258767
-0.10251336
-0.10977456
-0.10771779
-0.10863707
-0.10879294
-0.09967743
-0.09152811
-0.09472237
-0.09238520
-0.09451991
-0.09224492
-0.09656109
-0.10795143
-0.10936948
-0.09995798
-0.08319176
-0.07767575
-0.07915614
-0.07817451
-0.07907821
-0.07819010
-0.07924966
-0.07795631
-0.07999749
-0.06901224
-0.06443126
-0.08054286
-0.06877860
-0.06346507
-0.05544044
-0.04658990
-0.05071918
-0.04673017
-0.05944504
-0.06369886
-0.07303243
-0.08043376
-0.07819010
-0.07954565
-0.07864195
-0.07792513
-0.06058253
-0.05068801
-0.03900153
-0.03410883
-0.02505566
-0.01829321
-0.01106315
-0.00193216
-0.00573415
-0.00303848
-0.00536017
-0.00324104
-0.00556275
-0.00132446
0.01015941
0.01117222
0.00853888
-0.00674697
-0.01952407
-0.01936836
-0.01950848
-0.01953966
-0.01932160
-0.02011619
-0.01096966
-0.00063886
0.00955171
0.01101641
0.00978544
0.01096966
0.00959846
0.01126573
0.00875703
0.02020971
0.02572572
0.02591275
0.01576885
0.00952054
0.00183866
-0.00693396
-0.00373966
-0.00422270
0.01361859
0.02402727
0.02602185
0.02391817
0.02639577
0.02161217
0.01114107
0.00691837
-0.00448759
-0.00579646
-0.00423828
-0.00645090
-0.00185424
0.00875703
0.01139037
-0.00020256
-0.00579646
-0.00551600
-0.00442526
-0.00827399
-0.01941512
-0.02318592
-0.03476330
-0.03644615
-0.02599068
-0.01910339
-0.02125368
-0.01810618
-0.00498621
-0.00645090
-0.00252427
0.00875703
0.01061129
0.00610811
0.00193216
-0.00542250
0.00319429
0.01104758
0.00841424
0.01008149
0.00857005
0.01042430
-0.00003116
-0.00726118
-0.00458109
-0.00852331
-0.02069273
-0.02058378
-0.02153424
-0.01177992
-0.00422270
-0.00684045
-0.00514203
-0.00651323
-0.00539134
-0.00637300
-0.00551600
-0.00632626
-0.00554716
-0.00660674
-0.00361500
0.00920891
0.00864795
0.00941148
0.00836749
0.00987893
0.00607694
-0.00548483
-0.00827399
-0.02317033
-0.03666421
-0.03516838
-0.03900153
-0.05062567
-0.05207473
-0.04207111
-0.03434247
-0.03791080
-0.02630225
-0.02042792
-0.02122251
-0.02193933
-0.01213831
-0.00476806
-0.00710534
-0.00568739
-0.00679371
-0.00565623
-0.00861680
-0.02178346
-0.01899429
-0.00603020
-0.00707419
0.00241520
0.01243436
0.02276525
0.03189619
0.04970623
0.05316546
0.06296646
0.06940190
0.07043029
0.08378388
0.08375271
0.08263081
0.09307069
0.09910089
0.10696980
0.11549319
0.11229877
0.11446465
0.11259491
0.11469844
0.10416504
0.09695060
0.09969301
0.09696618
0.10827874
0.11440246
0.11320262
0.11352978
0.11359213
0.11318704
0.11409073
0.11097440
0.09850892
0.09843098
0.09857111
0.09830629
0.09877373
0.09797898
0.09947496
0.08920637
0.08208544
0.08428249
0.08288019
0.08403326
0.08295812
0.08412678
0.08259963
0.08626149
0.09822836
0.09877373
0.09819719
0.09888283
0.09805691
0.09902296
0.09793238
0.09917882
0.09776093
0.09939703
0.09748038
0.09997356
0.09509644
0.08484344
0.08032481
0.06958878
0.06570888
0.05399138
0.05308753
0.05434971
0.05101517
0.03865879
0.03867437
0.03844058
0.03911064
0.03625912
0.02371570
0.02209519
0.00581205
-0.00560949
-0.01502096
-0.02374687
-0.01731143
-0.00821166
0.00419154
0.00698070
0.00000000
-0.00422270
-0.01528583
-0.03145993
-0.03711605
-0.03579168
-0.03639939
-0.03605650
-0.03621236
-0.03616560
-0.03608767
-0.03621236
-0.03600974
-0.03622794
-0.03596313
-0.03621236
-0.03596313
-0.03613443
-0.03605650
-0.03582285
-0.04269440
-0.03752130
-0.03513721
-0.03664862
-0.03537085
-0.03653952
-0.03529307
-0.03683566
-0.03322056
-0.02112899
-0.02070832
-0.02119134
-0.02022530
-0.02946535
-0.03981171
-0.04989326
-0.05160729
-0.05586112
-0.06268606
-0.05688950
-0.04942583
-0.05121779
-0.05075036
-0.05001795
-0.05991247
-0.06672168
-0.07325048
-0.08540439
-0.09386544
-0.09882049
-0.11011731
-0.11078737
-0.11072502
-0.10841887
-0.09528333
-0.09534567
-0.10366644
-0.11477638
-0.12428139
-0.12643168
-0.12429698
-0.12825466
-0.14009700
-0.14053326
-0.14020595
-0.14042416
-0.14019052
-0.14048650
-0.13858544
-0.12247384
-0.11088088
-0.10778014
-0.09517437
-0.09525215
-0.09514320
-0.09514320
-0.09517437
-0.09504968
-0.09522113
-0.09495617
-0.09526774
-0.09483148
-0.09531450
-0.09469120
-0.09540802
-0.09448873
-0.09559505
-0.09399013
-0.09776093
-0.10961870
-0.11005512
-0.11133273
-0.12649403
-0.11472962
-0.10957194
-0.10756193
-0.09490941
-0.09286822
-0.07893793
-0.08118174
-0.06979140
-0.06452463
-0.05579877
-0.04859991
-0.04172836
-0.03217659
-0.03632146
-0.03315837
-0.03607208
-0.03145993
-0.02002268
-0.01929043
-0.01963317
-0.01958641
-0.01916574
-0.02033440
-0.01029964
-0.00283590
-0.00579646
0.00486155
0.01237204
0.00886610
0.02059937
0.02620874
0.02743974
0.04143222
0.03951573
0.05017382
0.05693626
0.05515989
0.05600139
0.05578319
0.05539368
0.05693626
0.04582648
0.04852213
0.05818286
0.05444323
0.05698302
0.05481714
0.05854119
0.07116254
0.07008739
0.08026246
0.08727429
0.08545115
0.08618355
0.08630824
0.08381506
0.07085096
0.07127164
0.07092889
0.07125605
0.07097565
0.07139633
0.07052365
0.07998191
0.08831826
0.08417354
0.09635847
0.10179670
0.10131352
0.10073699
0.10363526
0.11649040
0.11564890
0.12509157
0.13349027
0.12922070
0.14159282
0.14678167
0.14662581
0.14561301
0.14908767
0.16113278
0.16167830
0.16116335
0.16161565
0.16163093
0.15307683
0.14397691
0.14869817
0.14259004
0.13289814
0.13012455
0.13319413
0.12813012
0.11737852
0.12202199
0.12107139
0.13045171
0.12607320
0.12898706
0.13381742
0.12791192
0.11770583
0.11578918
0.11742527
0.11603840
0.11719148
0.11635013
0.11684874
0.11687991
0.11596062
0.12591749
0.13311620
0.13119970
0.13186975
0.13232160
0.12281659
0.11513471
0.11776802
0.11605414
0.11742527
0.11624102
0.11737852
0.11624102
0.11750321
0.11599180
0.11817326
0.10723477
0.10072140
0.10268481
0.09341359
0.08252186
0.07367131
0.06824882
0.05860353
0.04680810
0.04172836
0.03953131
0.02739299
0.01872948
-0.00020256
-0.02154982
-0.03367256
-0.05188769
-0.06098762
-0.07348428
-0.07773810
-0.08091678
-0.09185542
-0.09628069
-0.10648678
-0.11798623
-0.12308155
-0.13176065
-0.13961398
-0.13691817
-0.13889717
-0.13659101
-0.14763861
-0.15357498
-0.16092955
-0.17225862
-0.18188847
-0.18360143
-0.18249511
-0.18316593
-0.18291686
-0.18262042
-0.18389788
-0.17345815
-0.16717780
-0.16605621
-0.15299890
-0.14474033
-0.13377067
-0.12392291
-0.12236474
-0.12340871
-0.12267631
-0.12320609
-0.12284776
-0.12309714
-0.12295686
-0.12305038
-0.12284776
-0.12468648
-0.14075147
-0.15265600
-0.15352914
-0.15094197
-0.13576525
-0.12294128
-0.11697343
-0.12043250
-0.13338116
-0.13852325
-0.13849192
-0.12953243
-0.11324938
-0.09704411
-0.06720485
-0.06307556
-0.06237434
-0.06609853
-0.07714597
-0.08761703
-0.09285264
-0.07469970
-0.06416630
-0.06186014
-0.07290774
-0.07889118
-0.08619914
-0.09743362
-0.10877735
-0.12685236
-0.13691817
-0.14153048
-0.14474033
-0.13380184
-0.12552783
-0.11114570
-0.09101392
-0.06904342
-0.06273282
-0.05503535
-0.04486028
-0.03166240
-0.01819970
-0.01809059
-0.02687879
-0.04352032
-0.05769984
-0.07342193
-0.08005984
-0.07563457
-0.05625077
-0.03499694
-0.01826204
-0.01846451
-0.01872948
-0.01866713
-0.01068919
0.00121539
0.00906868
0.02184581
0.02620874
0.03518397
0.04314625
0.03957807
0.05109310
0.05687392
0.06396367
0.08217896
0.08690037
0.07792513
0.06661273
0.05808934
0.04610688
0.04035708
0.04126093
0.04107389
0.04112065
0.03951573
0.02315475
0.01148387
0.01061129
0.01121898
0.01829321
0.03931310
0.05787113
0.07373366
0.08518634
0.08827150
0.10114223
0.09989563
0.11022641
0.11647482
0.12418787
0.12516950
0.10126676
0.08590300
0.08548233
0.08535764
0.09411482
0.10441442
0.11546202
0.10735931
0.09051531
0.07582160
0.06932397
0.07103785
0.07033677
0.07016532
0.07270527
0.08559143
0.08529544
0.08543557
0.08540439
0.08517075
0.08585640
0.07663178
0.06793710
0.07262734
0.05953856
0.05551837
0.05355496
0.06595826
0.06147064
0.05422502
0.05310312
0.04034164
0.03767701
0.02541414
0.02273407
0.00998800
0.00995685
0.01033081
0.00793119
-0.00705860
-0.02834344
-0.04582648
-0.05059449
-0.05039187
-0.04793001
-0.03499694
-0.03527749
-0.03521514
-0.03505928
-0.03566699
-0.03435805
-0.04456430
-0.05176316
-0.04955052
-0.05099958
-0.04983092
-0.05095282
-0.04984651
-0.05115545
-0.04944142
-0.05347703
-0.06486752
-0.06665948
-0.05615726
-0.04933231
-0.05124896
-0.05017382
-0.05099958
-0.05032953
-0.05107751
-0.05018940
-0.05168522
-0.04171278
-0.03255066
-0.01910339
-0.00523553
-0.00641975
-0.00518877
-0.00694953
0.00330337
0.01075152
0.00749489
0.01865154
0.02519594
0.02324827
0.02469733
0.02282744
0.03329849
0.04026371
0.03811342
0.03943779
0.03831589
0.03932869
0.03819120
0.03967159
0.03594754
0.02443252
0.01503654
0.00620160
0.01899429
0.02402727
0.02564778
0.03903271
0.03817561
0.03912622
0.03766142
0.04766504
0.05526899
0.05216825
0.05517548
0.04359825
0.03763025
0.03883008
0.03677331
0.02056820
0.00903750
0.00744815
0.01139037
0.02243793
0.03250390
0.03999875
0.03705371
0.03990523
0.02834344
0.02288978
0.01502096
0.00423828
-0.00604578
-0.00693396
-0.00844539
-0.02408962
-0.03886126
-0.05215266
-0.05151378
-0.05212149
-0.05160729
-0.05207473
-0.05166964
-0.05209031
-0.05168522
-0.05215266
-0.05163847
-0.05229294
-0.05151378
-0.05254216
-0.05106193
-0.05477039
-0.06664375
-0.06734497
-0.06658155
-0.06753201
-0.06637893
-0.06799944
-0.06422864
-0.05240204
-0.05174757
-0.05243306
-0.05166964
-0.05276037
-0.04970623
-0.03680448
-0.03797315
-0.02793835
-0.02084859
-0.02117575
-0.00553158
-0.01067362
-0.02111356
-0.02340398
-0.02045909
-0.03236362
-0.03741219
-0.03951573
-0.05212149
-0.05252658
-0.05166964
-0.05325898
-0.04906750
-0.03847175
-0.02762678
-0.02133162
-0.02232883
-0.02284302
-0.01952407
-0.00808702
0.00168284
0.01109432
0.02276525
0.02181464
0.03209881
0.03881450
0.03733426
0.03761466
0.03823796
0.03510604
0.02292095
0.02228207
0.02337280
0.02137837
0.03245714
0.03825355
0.03959366
0.05300960
0.05240204
0.05283830
0.05254216
0.05274478
0.05257334
0.05279154
0.05243306
0.05319663
0.05026718
0.03763025
0.03766142
0.03789521
0.03702254
0.04643403
0.05635972
0.06725146
0.06775006
0.06795269
0.06697106
0.07649166
0.09244739
0.10726594
0.12222446
0.12999986
0.11739410
0.11256374
0.11033552
0.09805691
0.09553271
0.08242834
0.08320734
0.08192973
0.09157487
0.10743724
0.12272307
0.12886237
0.12730421
0.12792750
0.12816114
0.11938853
0.10866825
0.09914765
0.08883245
0.07914056
0.06856040
0.06734497
0.06842012
0.06732939
0.06870067
0.06541289
0.05265127
0.05981896
0.05405372
0.05290065
0.05075036
0.03828472
0.02949652
0.01930601
0.00799351
0.01678165
0.02477526
0.02218871
0.02355984
0.02293654
0.02287420
0.02398051
0.01385232
0.00687163
0.00871028
0.00797794
0.00814935
0.00867913
0.00578089
-0.00655998
-0.00872587
-0.02236000
-0.02086418
-0.02296771
-0.01827763
-0.00835191
0.00518877
0.02458823
0.02309240
0.01550404
-0.00222821
-0.01517677
-0.03225452
-0.03706930
-0.03636822
-0.03646174
-0.03674214
-0.03438923
-0.02089535
-0.02220414
-0.02016295
-0.03085222
-0.03766142
-0.03552672
-0.03710047
-0.03527749
-0.03792639
-0.02583482
-0.02910701
-0.04009226
-0.05099958
-0.05039187
-0.06069148
-0.06661273
-0.07468411
-0.08278667
-0.08024687
-0.08127526
-0.08147773
-0.07205080
-0.06450904
-0.06510117
-0.04902074
-0.06108114
-0.06633217
-0.06628541
-0.06321584
-0.05138909
-0.04211787
-0.03202088
-0.02120693
-0.02075508
-0.02000724
-0.02974590
-0.03711605
-0.03498135
-0.03424910
-0.01925926
-0.02237559
-0.01028407
-0.00537576
-0.00297615
0.00895960
0.01832439
0.03426469
0.04975299
0.05548720
0.05456792
0.05436530
0.05561189
0.05166964
0.04101155
0.03021333
0.02394934
0.02502449
0.02522711
0.02432341
0.02613081
0.02183022
0.01093851
0.00889727
0.01192016
-0.00014024
-0.00487714
-0.00727675
-0.01944629
-0.02033440
-0.01724924
-0.00451876
-0.00509528
-0.00356826
-0.01419512
-0.01996048
-0.02848372
-0.02770456
-0.01604941
-0.02359101
-0.03325173
-0.03474771
-0.04218021
-0.05375758
-0.06312232
-0.06478959
-0.06427540
-0.05562748
-0.04701057
-0.05054773
-0.04758711
-0.05215266
-0.06351183
-0.06432216
-0.06362093
-0.06415071
-0.06357417
-0.06410395
-0.06341831
-0.06421305
-0.06299763
-0.06499221
-0.05388227
-0.04822599
-0.04007668
-0.03158446
-0.03479447
-0.03228569
-0.03622794
-0.04844420
-0.04778973
-0.05726357
-0.06525703
-0.06159533
-0.07295450
-0.07949889
-0.07702144
-0.08738339
-0.09470679
-0.09193335
-0.09417701
-0.09168397
-0.09495617
-0.08245951
-0.07834581
-0.06837336
-0.06245227
-0.05417826
-0.04626274
-0.04687045
-0.03117937
-0.03476330
-0.02226649
-0.01790356
-0.00846098
-0.00149586
-0.00249311
-0.01128130
-0.01921250
-0.01684400
-0.01584678
-0.00210356
0.00545367
0.01570651
0.00830516
-0.00046746
-0.00582764
-0.01626746
-0.01816852
-0.01614292
-0.01848010
-0.01389907
-0.00310079
0.00060769
0.01285508
0.01282391
0.01364975
0.00408247
-0.00364616
-0.00087259
-0.00260219
-0.00148028
0.00428503
0.00021815
-0.00319429
-0.00043629
-0.00335011
0.00213472
0.00381756
-0.00299173
-0.00059211
-0.00423828
-0.01662594
-0.01628305
-0.01704662
-0.01541052
-0.02591275
-0.03253507
-0.03113262
-0.03091456
-0.04024813
-0.04805455
-0.04528111
-0.04724437
-0.04394100
-0.02910701
-0.01597147
-0.01647008
-0.01575327
-0.01823087
-0.03192736
-0.02834344
-0.01647008
-0.01558197
-0.01687517
-0.01330696
-0.00132446
-0.00062328
-0.00148028
-0.00020256
-0.00222821
0.00877261
0.01486514
0.01573768
0.03010423
0.02642694
0.01436652
0.01410163
0.01431977
0.01411721
0.01447559
0.01394581
0.01483398
0.01322904
0.02374687
0.03055608
0.02882662
0.02962121
0.02934066
0.02930964
0.02969914
0.02898232
0.03018216
0.02818773
0.03315837
0.03496576
0.02840579
0.02991735
0.02955886
0.02898232
0.03844058
0.04648079
0.04309965
0.04644962
0.03440481
0.02959004
0.02083301
0.01296415
0.01572209
0.01388348
0.01556638
0.01352511
0.02408962
0.03125731
0.02839020
0.03912622
0.04632508
0.04352032
0.04649638
0.03463861
0.02980824
0.02086418
0.01344719
0.01530142
0.01519236
0.00606137
-0.00188542
0.00093492
-0.00087259
0.00049862
-0.00056095
0.00032722
-0.00042071
0.00023373
-0.00032722
0.00018698
-0.00026489
0.00015582
-0.00021815
0.00015582
-0.00020256
0.00023373
-0.00046746
0.00218146
0.01555080
0.01388348
0.02457264
0.03074311
0.03808225
0.04758711
0.04289703
0.04746257
0.03424910
0.03040037
0.02712817
0.01586237
0.01364975
0.02488436
0.03077429
0.03016657
0.02935624
0.03286223
0.04436167
0.04763387
0.05989689
0.06023963
0.05978778
0.06037991
0.05966309
0.06047342
0.05960075
0.06052018
