-0.00000104
-0.00000125
-0.00000105
-0.00000440
-0.00001333
-0.00003197
-0.00006093
-0.00010254
-0.00014421
-0.00017486
-0.00017425
-0.00011078
0.00002594
0.00024272
0.00053913
0.00095680
0.00157051
0.00231250
0.00310946
0.00392871
0.00465808
0.00514126
0.00532057
0.00519009
0.00479762
0.00420068
0.00336564
0.00223122
0.00072289
-0.00108644
-0.00309999
-0.00518705
-0.00728485
-0.00920706
-0.01065945
-0.01140363
-0.01150536
-0.01136316
-0.01106873
-0.01061824
-0.01008596
-0.00961111
-0.00929417
-0.00919385
-0.00901807
-0.00846556
-0.00724424
-0.00524548
-0.00278158
-0.00000755
0.00332105
0.00756298
0.01296921
0.01926167
0.02562487
0.03156441
0.03654104
0.03951167
0.03988818
0.03800506
0.03452419
0.02932946
0.02226021
0.01371796
0.00412320
-0.00595232
-0.01540013
-0.02314947
-0.02811907
-0.03004994
-0.02953264
-0.02670234
-0.02173631
-0.01610281
-0.01126637
-0.00756087
-0.00495230
-0.00330173
-0.00291594
-0.00429912
-0.00719742
-0.01089246
-0.01454247
-0.01810494
-0.02147932
-0.02440914
-0.02729226
-0.02969974
-0.03040964
-0.02834775
-0.02245083
-0.01338170
-0.00237087
0.01017583
0.02303383
0.03506183
0.04551260
0.05284082
0.05563947
0.05282156
0.04408601
0.03080162
0.01434290
-0.00399631
-0.02247228
-0.03933182
-0.05210244
-0.05920362
-0.06099478
-0.05830709
-0.05184691
-0.04240064
-0.03076798
-0.01886731
-0.00947215
-0.00346848
-0.00029078
0.00238423
0.00586245
0.01022710
0.01423353
0.01581072
0.01466527
0.01369081
0.01612709
0.02341707
0.03491779
0.04799115
0.06002148
0.06883869
0.07366694
0.07465000
0.07261280
0.06722574
0.05862447
0.04642866
0.03003773
0.01090763
-0.00810589
-0.02599436
-0.04287291
-0.06219676
-0.08445651
-0.10701220
-0.12617003
-0.13764211
-0.13921897
-0.13104467
-0.11644138
-0.09738717
-0.07526414
-0.05195894
-0.02874136
-0.00545164
0.01478753
0.02909970
0.03479708
0.03153674
0.01837623
-0.00358669
-0.02894209
-0.05407752
-0.07622632
-0.09292595
-0.10317570
-0.10717822
-0.10653939
-0.10310707
-0.10061333
-0.10159233
-0.10574295
-0.10950893
-0.11161015
-0.11099356
-0.10604352
-0.09604740
-0.07930247
-0.05750441
-0.03294542
-0.00671121
0.02096557
0.05008830
0.08087825
0.11306983
0.14333298
0.16656060
0.17885841
0.17717277
0.16294464
0.13955127
0.11335574
0.08989320
0.07302322
0.06368004
0.05944396
0.05783997
0.05665698
0.05335867
0.04477828
0.03050702
0.01306570
-0.00396031
-0.01988352
-0.03735131
-0.05893452
-0.08453626
-0.11212881
-0.13914139
-0.16347360
-0.18407863
-0.19973931
-0.20957566
-0.21243290
-0.20778857
-0.19600345
-0.17733498
-0.15095906
-0.11740247
-0.07978749
-0.04218689
-0.00798990
0.02201946
0.04915352
0.07526903
0.10118380
0.12554151
0.14595693
0.16133468
0.17265756
0.18086251
0.18626666
0.18985061
0.19289963
0.19543542
0.19789064
0.19999783
0.20019233
0.19832277
0.19454676
0.19038012
0.18815304
0.19032560
0.19905898
0.21503650
0.23786048
0.26635580
0.30024441
0.33823238
0.37713181
0.41209246
0.43832109
0.45364757
0.45990565
0.46005214
0.45616219
0.44970337
0.43965028
0.42394132
0.40259004
0.37573750
0.34198669
0.29933025
0.24839533
0.19297423
0.14094965
0.09863554
0.06778618
0.05077650
0.04666439
0.05142211
0.05981044
0.06934460
0.07664597
0.07678323
0.06661051
0.04734011
0.02187458
-0.00978443
-0.04848512
-0.09157559
-0.13614852
-0.18097428
-0.22294062
-0.25931158
-0.28688460
-0.30126708
-0.29832657
-0.27679354
-0.24007970
-0.19391254
-0.14614220
-0.10457028
-0.07597459
-0.06483508
-0.07350390
-0.10037326
-0.13971132
-0.18361233
-0.22459453
-0.25673619
-0.27576816
-0.28016265
-0.26792479
-0.23682180
-0.18749766
-0.12476163
-0.05535627
0.01204276
0.06615099
0.09554800
0.09017152
0.04445520
-0.04163161
-0.16067279
-0.29866293
-0.44016298
-0.57006372
-0.67729212
-0.75554398
-0.80151800
-0.81602255
-0.80141221
-0.76041590
-0.69656009
-0.61488486
-0.52107323
-0.42156775
-0.32420255
-0.23677433
-0.16453615
-0.11145227
-0.07811351
-0.06031526
-0.05379432
-0.05260781
-0.05107299
-0.04485830
-0.03114694
-0.01119951
0.01153702
0.03624536
0.06196320
0.08706526
0.11027878
0.13060468
0.14558421
0.15121106
0.14644982
0.12963816
0.09916423
0.05650128
0.00495140
-0.05054158
-0.10220593
-0.14312709
-0.16856634
-0.17429193
-0.15702590
-0.11775675
-0.06093945
0.00683708
0.07996354
0.15177529
0.21665595
0.26915607
0.30575381
0.32186696
0.31548951
0.28758447
0.24076518
0.17757695
0.10386173
0.02679381
-0.04710058
-0.11219771
-0.16399308
-0.19956652
-0.21897228
-0.22496019
-0.21798732
-0.20169432
-0.17923574
-0.15038126
-0.11669040
-0.07933990
-0.04060704
-0.00344678
0.02657034
0.04688601
0.05697491
0.05596390
0.04382587
0.02195626
-0.00582702
-0.03523165
-0.06262509
-0.08427720
-0.09690459
-0.09892335
-0.09249491
-0.08114978
-0.06894801
-0.05863830
-0.05338580
-0.05458425
-0.06236305
-0.07665709
-0.09708932
-0.12092241
-0.14533926
-0.16623725
-0.17931061
-0.18082047
-0.16784477
-0.13986106
-0.09743031
-0.04367749
0.01665134
0.07780102
0.13363986
0.18070844
0.21763142
0.24365633
0.25917324
0.26705973
0.27247500
0.28061024
0.29494389
0.31655830
0.34434127
0.37597622
0.40893764
0.44001378
0.46519532
0.48045670
0.48212770
0.46964950
0.44449237
0.40956427
0.36995413
0.32981774
0.29250793
0.26166128
0.23891244
0.22580030
0.22471551
0.23654728
0.25774855
0.28156509
0.30174451
0.31266835
0.30979294
0.29194370
0.25945183
0.21286936
0.15435720
0.08704193
0.01457291
-0.05987744
-0.13387261
-0.20611215
-0.27590108
-0.34184563
-0.40094346
-0.45291515
-0.49959446
-0.54165955
-0.57926503
-0.61396527
-0.64462909
-0.66577149
-0.67115882
-0.65539017
-0.61406022
-0.54487133
-0.44524106
-0.31663696
-0.16706733
-0.00735603
0.14851713
0.28692258
0.39631025
0.46954370
0.50465627
0.50290661
0.46973359
0.41545343
0.35369450
0.29602352
0.25230019
0.23115236
0.23522866
0.26172422
0.30389564
0.35453542
0.40716628
0.45364485
0.48570026
0.49324143
0.46847763
0.40600798
0.30578636
0.17525492
0.02546298
-0.13006947
-0.27695901
-0.40421221
-0.50356307
-0.56984400
-0.60418616
-0.60859151
-0.58912281
-0.55654115
-0.52097015
-0.48822031
-0.45846252
-0.43173477
-0.40648812
-0.37982276
-0.34967977
-0.31531319
-0.27235564
-0.21601034
-0.14336228
-0.05187512
0.05968159
0.19122783
0.33550345
0.48196765
0.62051633
0.74032601
0.83073054
0.88187216
0.88954083
0.85477277
0.78481349
0.68861202
0.57624857
0.45773282
0.34416495
0.24520308
0.16566624
0.10791497
0.07108530
0.05153794
0.04275356
0.03551512
0.02011624
-0.01347773
-0.07324512
-0.16060172
-0.27069957
-0.39275668
-0.51239546
-0.61362077
-0.68149673
-0.70426673
-0.67723787
-0.60428924
-0.49328483
-0.35508066
-0.20359399
-0.05436995
0.07881745
0.18679074
0.26551298
0.31535388
0.34016379
0.34494891
0.33364529
0.31180573
0.28472262
0.25377072
0.21914752
0.17997792
0.13266494
0.07400927
0.00404315
-0.07651468
-0.16761365
-0.26543729
-0.36085318
-0.44445982
-0.50780294
-0.54330613
-0.54202847
-0.49743790
-0.40859314
-0.28183636
-0.12859976
0.03388726
0.18646902
0.31369916
0.40528099
0.45286632
0.45155883
0.40425018
0.31626262
0.19375819
0.04508915
-0.11712388
-0.27777823
-0.42579406
-0.54962660
-0.64132508
-0.69532583
-0.70972458
-0.68465697
-0.62384746
-0.53826059
-0.43804440
-0.33191733
-0.22701204
-0.12876387
-0.04249124
0.02591163
0.07359044
0.10102104
0.11059724
0.10466332
0.08798567
0.06993595
0.06243412
0.07409472
0.11124909
0.17746953
0.27031735
0.38147476
0.49920926
0.61133400
0.70897318
0.78807681
0.84791519
0.88793223
0.90781325
0.90733854
0.88682547
0.84652631
0.78705143
0.70798035
0.60873257
0.48894459
0.34795724
0.18522880
0.00375672
-0.18844112
-0.37947282
-0.55740920
-0.71277089
-0.83922657
-0.93210504
-0.98710134
-1.00000000
-0.96862005
-0.89623294
-0.79129673
-0.66315378
-0.52226409
-0.38085628
-0.24936890
-0.13319987
-0.03507486
0.04470206
0.10670296
0.15333534
0.18829626
0.21435834
0.23481064
0.25364214
0.27384489
0.29748293
0.32606885
0.35815681
0.39042108
0.42124223
0.44963556
0.47540032
0.49675974
0.51181495
0.51924219
0.51890311
0.50980759
0.49132087
0.46185876
0.42144297
0.37106903
0.31153718
0.24453767
0.17236703
0.09735055
0.02362006
-0.04227179
-0.09571862
-0.13688528
-0.16660129
-0.18970847
-0.21050529
-0.23290962
-0.26252119
-0.30225720
-0.35201536
-0.40761387
-0.46312557
-0.51165491
-0.54878839
-0.57302865
-0.58449231
-0.58347778
-0.57155568
-0.55111042
-0.52346037
-0.48976923
-0.45108954
-0.40724766
-0.35658347
-0.29820721
-0.23231175
-0.16093402
-0.08564519
-0.00839099
0.06777994
0.14076654
0.21022127
0.27437114
0.33111981
0.37930464
0.41697252
0.44233310
0.45308605
0.44658111
0.42199092
0.37881365
0.31776271
0.24148784
0.15207450
0.05121893
-0.05650046
-0.16376684
-0.26329837
-0.34945733
-0.41814167
-0.46763400
-0.49431293
-0.49471711
-0.47056909
-0.42719921
-0.37013045
-0.30486948
-0.23775062
-0.17505961
-0.12103064
-0.07614060
-0.03857065
-0.00312213
0.03810869
0.09066495
0.15674026
0.23394829
0.31699232
0.39987739
0.47655048
0.53967931
0.58320923
0.60317434
0.59864693
0.57096703
0.52422262
0.46253150
0.39124031
0.31645793
0.24360750
0.17791712
0.12410544
0.08711599
0.06856796
0.06893526
0.08676253
0.11734334
0.15500742
0.19392529
0.22803715
0.25070651
0.25877719
0.25206663
0.23202041
0.19787111
0.15040025
0.09313726
0.02860437
-0.04016379
-0.10903503
-0.16893634
-0.21398290
-0.24120680
-0.24856026
-0.23912430
-0.21777736
-0.18496377
-0.14172302
-0.09442197
-0.04896906
-0.00813801
0.02380821
0.04516646
0.05780986
0.06140412
0.05565493
0.04048795
0.01694211
-0.01502633
-0.05454627
-0.09881864
-0.14287888
-0.18396904
-0.22063134
-0.24879572
-0.26664063
-0.27731165
-0.28281020
-0.28199369
-0.27133297
-0.24686268
-0.20641054
-0.14788020
-0.06860458
0.02848908
0.13773705
0.25194673
0.36222307
0.45989752
0.53700464
0.58705577
0.60835822
0.60205131
0.56924992
0.51249854
0.43522053
0.34272996
0.24253383
0.13992047
0.03842932
-0.05645489
-0.13926048
-0.20809754
-0.26352135
-0.30775032
-0.34510895
-0.37925852
-0.41124611
-0.44026063
-0.46508411
-0.48376885
-0.49364561
-0.49180372
-0.47693026
-0.45101087
-0.41826645
-0.38323798
-0.35083265
-0.32593593
-0.31291521
-0.31450211
-0.33123917
-0.36020757
-0.39575145
-0.43103762
-0.46028814
-0.47906511
-0.48545612
-0.47838966
-0.45829434
-0.42558790
-0.37994211
-0.32163638
-0.25052313
-0.16777044
-0.07832971
0.00965072
0.08765933
0.14842924
0.18817935
0.20764561
0.21035555
0.19992106
0.17938114
0.15158053
0.11895113
0.08349297
0.04664893
0.00876528
-0.03046633
-0.07030162
-0.11056524
-0.15088500
-0.19000035
-0.22670144
-0.25843187
-0.28265558
-0.29966662
-0.31067184
-0.31626533
-0.31740736
-0.31505820
-0.31038159
-0.30423472
-0.29708688
-0.28763329
-0.27503031
-0.25897060
-0.24161099
-0.22473341
-0.20883945
-0.19511370
-0.18362020
-0.17307476
-0.16380590
-0.15769511
-0.15641718
-0.16213193
-0.17339567
-0.18685747
-0.19844755
-0.20494598
-0.20148219
-0.18679644
-0.16267120
-0.13352349
-0.10124375
-0.06952553
-0.04208299
-0.01983963
-0.00384404
0.00453422
0.00301400
-0.01085234
-0.03766354
-0.07402284
-0.11736558
-0.16634223
-0.22013140
-0.27584953
-0.32906362
-0.37456292
-0.40728835
-0.42705544
-0.43592039
-0.43820715
-0.43788435
-0.43819088
-0.43866288
-0.43633271
-0.42622809
-0.40155381
-0.35907640
-0.30262341
-0.23696964
-0.16209069
-0.08022531
0.00523905
0.08855098
0.16417537
0.22815570
0.27981001
0.31870400
0.34495433
0.35962706
0.36526124
0.36458037
0.36243195
0.36042187
0.35952127
0.36109461
0.36227190
0.36224749
0.36190840
0.36301245
0.36694851
0.37249317
0.38006689
0.39111552
0.40694656
0.42793977
0.45348481
0.48213583
0.51052644
0.53563203
0.55558901
0.56815944
0.57299067
0.57064151
0.56137781
0.54392190
0.51998817
0.48954408
0.45035441
0.40259546
0.34974488
0.29363368
0.23646075
0.18117230
0.13019697
0.08463961
0.04617828
0.01492146
-0.00957848
-0.02719162
-0.04020285
-0.05289074
-0.06698866
-0.08302314
-0.10213757
-0.12131629
-0.13750132
-0.15012600
-0.15410194
-0.14690554
-0.12907583
-0.10200438
-0.06974607
-0.03476263
0.00474459
0.04670996
0.08984817
0.13556232
0.18397284
0.22887346
0.26725097
0.29837811
0.32431919
0.34759374
0.36886907
0.38841372
0.40408742
0.41424359
0.41621569
0.40919535
0.39361388
0.36958792
0.33830834
0.29772164
0.24726253
0.18720144
0.11964529
0.05275755
-0.00640330
-0.05476952
-0.09290153
-0.12162770
-0.14134000
-0.15303017
-0.15818041
-0.15866570
-0.15802307
-0.16100455
-0.16898734
-0.17991037
-0.19071921
-0.20070719
-0.21140806
-0.22311369
-0.23398139
-0.24406702
-0.25148368
-0.25363536
-0.25041354
-0.24300909
-0.22932322
-0.20462317
-0.16588949
-0.11274349
-0.04745730
0.02594168
0.10293889
0.17599602
0.23992128
0.29565189
0.34272725
0.37888960
0.40294540
0.41714070
0.42659158
0.43256484
0.43601533
0.43854624
0.43984017
0.44139995
0.44596263
0.45391883
0.46454158
0.47642299
0.48450940
0.48520384
0.47632805
0.45844896
0.43330811
0.40385685
0.37303570
0.34115120
0.30811924
0.27321826
0.23827551
0.20447615
0.17154808
0.13853918
0.10674826
0.07879819
0.05686125
0.03999154
0.02672114
0.01651131
0.00894318
0.00157043
-0.00740228
-0.01923153
-0.03387803
-0.04906020
-0.06239451
-0.07405783
-0.08479830
-0.09403108
-0.10118434
-0.10589975
-0.10627816
-0.10132540
-0.09088820
-0.07595804
-0.05783753
-0.03631182
-0.01141782
0.01498631
0.04075298
0.06420711
0.08268732
0.09684953
0.10779236
0.11375830
0.11334706
0.10787917
0.09932591
0.09002260
0.07965783
0.06612468
0.04927043
0.03139080
0.01496139
0.00205839
-0.00652130
-0.01111544
-0.01475799
-0.02196513
-0.03615178
-0.05862121
-0.08686887
-0.11719685
-0.14786148
-0.17604512
-0.19857152
-0.21350575
-0.22077755
-0.22166622
-0.21831664
-0.21144793
-0.19990262
-0.18229886
-0.15803067
-0.12764355
-0.09263027
-0.05640688
-0.02248861
0.00509572
0.02252081
0.02809358
0.02081456
0.00337527
-0.02052324
-0.04655778
-0.07162431
-0.09379155
-0.11281918
-0.12913768
-0.14244757
-0.15366411
-0.16404136
-0.17180280
-0.17484667
-0.17135060
-0.16106640
-0.14488082
-0.12611551
-0.10973571
-0.09745418
-0.08852874
-0.08189332
-0.07689309
-0.07180280
-0.06471708
-0.05554263
-0.04565203
-0.03671818
-0.03002363
-0.02612994
-0.02486045
-0.02658225
-0.03183948
-0.03972488
-0.04838448
-0.05711298
-0.06619982
-0.07519307
-0.08313897
-0.09144620
-0.10284394
-0.11830660
-0.13710772
-0.15762133
-0.17822962
-0.19646107
-0.21232954
-0.22770295
-0.24373906
-0.26165342
-0.28141861
-0.30052924
-0.31590455
-0.32533644
-0.32821185
-0.32529303
-0.31834593
-0.30864549
-0.29639516
-0.28231378
-0.26807318
-0.25504702
-0.24420510
-0.23563366
-0.22823572
-0.21964529
-0.20818624
-0.19360113
-0.17858850
-0.16546523
-0.15345036
-0.13929927
-0.11845959
-0.08879322
-0.05322385
-0.01574089
0.01903858
0.04714507
0.06792344
0.08248848
0.09151510
0.09593835
0.09522031
0.08994122
0.08190661
0.07349848
0.06627170
0.06331383
0.06404733
0.06750216
0.07162458
0.07342768
0.07227779
0.06849961
0.06146326
0.05316553
0.04515615
0.03702417
0.02805750
0.01740972
0.00660547
-0.00307604
-0.01020036
-0.01443082
-0.01575448
-0.01503541
-0.01298546
-0.00917327
-0.00117009
0.01005621
0.02267082
0.03713023
0.05320757
0.06900958
0.08243585
0.09338113
0.10140271
0.10505747
0.10573156
0.10598357
0.10741395
0.10999612
0.11316775
0.11598132
0.11897445
0.12439677
0.13381049
0.14718901
0.16483237
0.18567964
0.20666498
0.22413175
0.23561169
0.24023161
0.23899111
0.23374159
0.22667540
0.21948335
0.21329932
0.20838806
0.20459415
0.20136989
0.19902562
0.19950413
0.20481930
0.21412668
0.22475837
0.23300754
0.23529322
0.23034264
0.21989703
0.20701031
0.19596303
0.18783837
0.18170235
0.17681687
0.17245140
0.16841497
0.16616645
0.16652317
0.16862330
0.17153479
0.17570305
0.18068945
0.18372219
0.18486829
0.18691688
0.19084697
0.19396082
0.19149692
0.18177315
0.16837103
0.15775751
0.15353825
0.15545582
0.16109651
0.16740017
0.17145450
0.16993216
0.15958502
0.14290465
0.12333830
0.10320961
0.08555594
0.07201303
0.06302493
0.05773445
0.05488915
0.05150294
0.04661339
0.04155240
0.03719642
0.03396511
0.03176298
0.03026424
0.02895023
0.02742382
0.02538423
0.02282645
0.01981052
0.01660992
0.01344151
0.01296433
0.01705496
0.02358754
0.02867463
0.02886071
0.02338628
0.01370543
0.00231515
-0.00843214
-0.01800495
-0.02744037
-0.03695608
-0.04724354
-0.05923482
-0.07345589
-0.08975377
-0.10652013
-0.12241979
-0.13743676
-0.15249252
-0.16988957
-0.19046774
-0.21402197
-0.23983556
-0.26580459
-0.29075555
-0.31435834
-0.33656681
-0.35871833
-0.38118722
-0.40385142
-0.42655089
-0.44721316
-0.46315270
-0.47323291
-0.47872061
-0.48135459
-0.48357625
-0.48664969
-0.48936776
-0.48838307
-0.47981652
-0.46305233
-0.43866288
-0.40799093
-0.37468499
-0.34282219
-0.31205529
-0.28011111
-0.24582509
-0.20918884
-0.17235835
-0.13761742
-0.10709250
-0.08331909
-0.06540664
-0.05156045
-0.03910857
-0.02616553
-0.01319222
-0.00143288
0.00975920
0.02279471
0.03805742
0.05359006
0.06711507
0.07672898
0.08180055
0.08081938
0.07548740
0.06798719
0.06022114
0.05368256
0.04619076
0.03630450
0.02430826
0.01059187
-0.00599444
-0.02505907
-0.04433232
-0.06251333
-0.07923981
-0.09305127
-0.10292370
-0.10704069
-0.10585797
-0.10348359
-0.10398923
-0.10851393
-0.11593574
-0.12407180
-0.13085234
-0.13480576
-0.13438069
-0.12736062
-0.11447037
-0.09976020
-0.08600299
-0.07374452
-0.06241811
-0.05090806
-0.03931554
-0.02781282
-0.01583312
-0.00352297
0.00841880
0.02044976
0.03220975
0.04254767
0.05104912
0.05810445
0.06259199
0.06435332
0.06549534
0.06757242
0.07049476
0.07364089
0.07613491
0.07708460
0.07489875
0.07062605
0.06655979
0.06363908
0.06181265
0.05862501
0.05058498
0.03546738
0.01423399
-0.01071999
-0.03610187
-0.05826369
-0.07683694
-0.09353358
-0.10931579
-0.12494663
-0.14049853
-0.15412798
-0.16441110
-0.16836994
-0.16666341
-0.16048833
-0.14849651
-0.13183025
-0.11363379
-0.09700523
-0.08610797
-0.08316935
-0.08673188
-0.09378260
-0.10109130
-0.10645855
-0.10856438
-0.10735807
-0.10226100
-0.09314594
-0.08017486
-0.06264977
-0.04309372
-0.02594828
-0.01394091
-0.00785161
-0.00687272
-0.00921984
-0.01272925
-0.01699403
-0.02160643
-0.02574434
-0.02992679
-0.03319038
-0.03363335
-0.02956546
-0.02032253
-0.00632398
0.01109765
0.03038821
0.05009643
0.06799831
0.08197714
0.09212680
0.10006375
0.10666037
0.11126076
0.11210846
0.10936299
0.10581267
0.10366181
0.10431854
0.10897101
0.11633505
0.12326940
0.12868331
0.13240425
0.13348551
0.13041235
0.12283103
0.11073016
0.09493060
0.07649270
0.05709806
0.03887908
0.02024794
0.00003624
-0.02154808
-0.04364846
-0.06558974
-0.08800900
-0.10943406
-0.12788633
-0.14314445
-0.15947678
-0.17893545
-0.20291800
-0.23104386
-0.26033208
-0.28967049
-0.31798244
-0.34519033
-0.36941702
-0.38986499
-0.40588862
-0.41629978
-0.42043657
-0.42055864
-0.41928098
-0.41723836
-0.41435752
-0.41008510
-0.40427460
-0.39686092
-0.38805565
-0.37822772
-0.36793049
-0.35617386
-0.34194871
-0.32588168
-0.30937519
-0.29235059
-0.27425721
-0.25497215
-0.23426594
-0.21333811
-0.19285433
-0.17285124
-0.15406477
-0.13883378
-0.12949737
-0.12607970
-0.12774120
-0.13358968
-0.14133430
-0.14822443
-0.15125311
-0.14799386
-0.13845373
-0.12417271
-0.10640159
-0.08725162
-0.06866833
-0.05172131
-0.03840626
-0.03002878
-0.02589486
-0.02382969
-0.02049430
-0.01494503
-0.00926490
-0.00601020
-0.00705373
-0.01197660
-0.01694564
-0.01866942
-0.01617817
-0.01002154
-0.00129956
0.01005428
0.02354834
0.03720890
0.04936619
0.05922017
0.06837943
0.07847348
0.09085701
0.10560027
0.12107893
0.13708385
0.15301471
0.16900145
0.18694157
0.20852071
0.23281386
0.25800246
0.28227852
0.30244437
0.31658000
0.32192663
0.31808823
0.30767979
0.29463465
0.28055870
0.26449763
0.24514422
0.22332636
0.20155760
0.18280206
0.16740668
0.15615107
0.14893813
0.14397507
0.14004986
0.13662215
0.13216445
0.12536329
0.11689575
0.10842278
0.10011095
0.09263488
0.08824228
0.08780636
0.09081171
0.09692440
0.10609940
0.11702541
0.12778189
0.13895395
0.15275456
0.17004690
0.18909758
0.20577062
0.21717081
0.22356833
0.22731857
0.23006703
0.23256809
0.23484401
0.23597980
0.23472384
0.23210098
0.22968590
0.22815787
0.22830353
0.23146649
0.23830210
0.24796782
0.25734681
0.26331193
0.26414037
0.25845032
0.24656809
0.23000789
0.21309750
0.20011881
0.19227708
0.18757823
0.18350708
0.17910146
0.17404508
0.16833603
0.16072460
0.15086195
0.13980382
0.12735221
0.11356977
0.09850126
0.08285903
0.06868949
0.05759773
0.05039157
0.04683067
0.04623199
0.04739246
0.05115328
0.06004481
0.07407193
0.09046015
0.10583952
0.11567777
0.11932927
0.12143564
0.12500631
0.13258166
0.14473488
0.16055886
0.17846236
0.19692440
0.21469660
0.23104521
0.24598785
0.25823927
0.26834010
0.27722214
0.28463581
0.28973831
0.29208204
0.29157749
0.28867766
0.28276951
0.27314231
0.26070887
0.24742854
0.23508978
0.22489075
0.21725545
0.21198124
0.20731060
0.20096001
0.19220655
0.18180408
0.17117971
0.16182323
0.15465423
0.14870756
0.14207160
0.13484048
0.12920576
0.12735112
0.13073027
0.13874480
0.14881145
0.15888461
0.16839571
0.17679082
0.18305352
0.18742659
0.19153436
0.19623972
0.20092203
0.20543724
0.21114276
0.21981890
0.23127606
0.24500235
0.25947814
0.27189178
0.28014637
0.28356703
0.28423434
0.28464395
0.28709076
0.29222581
0.29840523
0.30353757
0.30586502
0.30454939
0.29978326
0.29245910
0.28556625
0.27979373
0.27536940
0.27345698
0.27277339
0.27222814
0.26846190
0.26157231
0.25375445
0.24617014
0.23942568
0.23362657
0.22843266
0.22330059
0.21764336
0.21150544
0.20497093
0.19822321
0.19126363
0.18591483
0.18359036
0.18372545
0.18183337
0.17491177
0.16573107
0.15763354
0.15218246
0.14935968
0.14979669
0.15508527
0.16485896
0.17622985
0.18580958
0.19116544
0.19135017
0.18682167
0.17896366
0.16938854
0.15948248
0.15026706
0.14218417
0.13521835
0.12901832
0.12308846
0.11694404
0.11040709
0.10349173
0.09535350
0.08469820
0.07175126
0.05774421
0.04428838
0.03150663
0.01849244
0.00402151
-0.01258244
-0.03154108
-0.05247353
-0.07471049
-0.09740264
-0.11981673
-0.14028694
-0.15588957
-0.16593669
-0.17266298
-0.17820520
-0.18338854
-0.18841888
-0.19302442
-0.19686499
-0.19964193
-0.20132052
-0.20204724
-0.20216768
-0.20198078
-0.20107014
-0.19792970
-0.19217726
-0.18567937
-0.18102527
-0.17838586
-0.17684888
-0.17585062
-0.17424473
-0.17024574
-0.16362416
-0.15610550
-0.15116820
-0.15116875
-0.15569616
-0.16308624
-0.17116479
-0.17852719
-0.18591049
-0.19400016
-0.20163220
-0.20604053
-0.20547033
-0.20089870
-0.19414474
-0.18781938
-0.18524128
-0.18819156
-0.19532963
-0.20447235
-0.21301612
-0.21936345
-0.22261999
-0.22320104
-0.22179398
-0.21975000
-0.21584324
-0.20917961
-0.19902100
-0.18569429
-0.17159583
-0.15917459
-0.15020820
-0.14535689
-0.14419913
-0.14574860
-0.15055379
-0.16079161
-0.17401795
-0.18591591
-0.19418408
-0.19804960
-0.19814943
-0.19777617
-0.19989773
-0.20469587
-0.21123933
-0.21786715
-0.22322382
-0.22638650
-0.22729117
-0.22638433
-0.22625548
-0.22896081
-0.23419867
-0.24083002
-0.24707020
-0.25149915
-0.25149725
-0.24786202
-0.24351527
-0.23987001
-0.23791826
-0.23600719
-0.23369222
-0.23206897
-0.23132678
-0.23128827
-0.23154027
-0.23325874
-0.23763641
-0.24396503
-0.25064141
-0.25609411
-0.26088004
-0.26607612
-0.27147403
-0.27629983
-0.27973676
-0.28133994
-0.28244128
-0.28480942
-0.28985495
-0.29973172
-0.31422542
-0.33197701
-0.35075941
-0.36741509
-0.38079660
-0.39262647
-0.40384871
-0.41526355
-0.42707443
-0.43780297
-0.44558828
-0.44915813
-0.44820870
-0.44480704
-0.44157898
-0.44080045
-0.44361889
-0.44863730
-0.45475704
-0.46134607
-0.46708876
-0.47024086
-0.46970104
-0.46423233
-0.45305621
-0.43726858
-0.41820135
-0.39688262
-0.37530890
-0.35568829
-0.34063579
-0.33324382
-0.33451334
-0.34194329
-0.35140231
-0.35885938
-0.36174836
-0.35820835
-0.34757475
-0.33162165
-0.31462689
-0.30111788
-0.29306131
-0.28985224
-0.28941008
-0.28936668
-0.28905201
-0.28906015
-0.28925817
-0.28770653
-0.28206151
-0.27208166
-0.25988531
-0.24989678
-0.24594445
-0.24833837
-0.25455305
-0.26124733
-0.26551840
-0.26646430
-0.26542264
-0.26369170
-0.26151941
-0.25878587
-0.25503644
-0.25003974
-0.24372035
-0.23560464
-0.22511129
-0.21403092
-0.20436710
-0.19676137
-0.19094815
-0.18610797
-0.18133289
-0.17604430
-0.16991235
-0.16226647
-0.15161091
-0.13757077
-0.12000418
-0.09997179
-0.07992068
-0.06215146
-0.04825400
-0.03817569
-0.02946998
-0.01999984
-0.00953755
0.00116605
0.01114026
0.01966002
0.02632672
0.03160483
0.03799774
0.04873441
0.06416099
0.08190661
0.09898167
0.11285553
0.12227494
0.12721196
0.12874353
0.12830245
0.12741568
0.12700390
0.12758061
0.12708501
0.12389873
0.11861530
0.11440716
0.11412071
0.11975434
0.13151233
0.14645199
0.16148387
0.17181202
0.17657842
0.17807364
0.17782434
0.17737757
0.17557854
0.17333138
0.17284365
0.17605434
0.18396796
0.19651370
0.21479589
0.23670841
0.25844218
0.27427620
0.28265558
0.28393866
0.27846453
0.27041447
0.26428984
0.26215905
0.26526857
0.27355192
0.28459241
0.29691327
0.30947556
0.31895899
0.32234709
0.31951780
0.31214752
0.30279430
0.29382899
0.28686561
0.28234362
0.28000532
0.27880090
0.27787317
0.27504659
0.27019067
0.26522272
0.26275584
0.26318850
0.26437393
0.26490154
0.26393340
0.26253747
0.26254045
0.26455650
0.26785020
0.27128957
0.27367128
0.27435758
0.27332134
0.27087236
0.26861598
0.26757975
0.26649713
0.26426706
0.26062586
0.25714607
0.25486718
0.25270004
0.24962877
0.24552209
0.24194193
0.24097406
0.24295240
0.24683149
0.25005683
0.24952244
0.24415817
0.23509195
0.22366544
0.21042146
0.19648169
0.18370564
0.17421408
0.17033905
0.17226531
0.17798331
0.18480562
0.18966697
0.18953568
0.18294664
0.17071367
0.15667136
0.14488652
0.13732527
0.13361464
0.13167319
0.13113202
0.13186986
0.13306153
0.13469644
0.13732609
0.13949865
0.13928326
0.13473496
0.12557244
0.11379546
0.10175888
0.09163581
0.08446519
0.08043283
0.07932227
0.08187867
0.08792789
0.09558706
0.10249374
0.10528533
0.10278725
0.09790990
0.09384988
0.09190328
0.09192606
0.09167324
0.09054098
0.08819101
0.08582341
0.08694428
0.09247076
0.10096625
0.11009676
0.11787068
0.12268129
0.12407424
0.12248788
0.11907862
0.11504355
0.11323665
0.11738294
0.12976891
0.14892674
0.17029972
0.18914478
0.20205293
0.20779291
0.20703635
0.20182317
0.19458311
0.18929669
0.18863643
0.19194288
0.19921469
0.20942592
0.21977170
0.22772872
0.23173368
0.23150663
0.22784862
0.22028711
0.20880337
0.19562287
0.18265992
0.17182125
0.16195859
0.15165512
0.13914817
0.12581441
0.11478612
0.10716303
0.10320446
0.10204317
0.10049072
0.09587053
0.08838605
0.07733227
0.06315785
0.04818944
0.03492132
0.02501181
0.01898590
0.01828259
0.02302217
0.03104684
0.03978212
0.04687380
0.05099948
0.05187865
0.05011732
0.04691314
0.04330477
0.04010113
0.03772295
0.03618026
0.03514891
0.03623587
0.04049690
0.04859688
0.05841125
0.06765217
0.07629143
0.08100222
0.08199939
0.07931549
0.07283307
0.06429472
0.05691360
0.05357216
0.05449066
0.05986469
0.06920245
0.08006255
0.08818722
0.09009801
0.08554645
0.07485318
0.05935444
0.04057313
0.02027102
0.00279175
-0.00809330
-0.01012500
-0.00503365
0.00088840
0.00105211
-0.00755487
-0.02314014
-0.04335767
-0.06677951
-0.09116489
-0.11166901
-0.12426521
-0.12815407
-0.12503289
-0.11798515
-0.11018574
-0.10553164
-0.10653505
-0.11248335
-0.12108354
-0.12963029
-0.13607393
-0.13937197
-0.13824161
-0.13353841
-0.12839495
-0.12465665
-0.12317906
-0.12203405
-0.11759182
-0.10795919
-0.09455137
-0.08001969
-0.06720947
-0.05791701
-0.05294580
-0.05016669
-0.04713747
-0.04290248
-0.03926482
-0.03699216
-0.03518092
-0.03353244
-0.03209636
-0.03104087
-0.03056344
-0.03209555
-0.03699840
-0.04314499
-0.04904420
-0.05481157
-0.06013542
-0.06460776
-0.06796874
-0.07023950
-0.07310867
-0.07822148
-0.08378458
-0.08875389
-0.09512564
-0.10407223
-0.11319705
-0.12066064
-0.12688319
-0.13161731
-0.13492457
-0.13513101
-0.13263781
-0.12818472
-0.12324797
-0.12029959
-0.12007986
-0.12218542
-0.12688075
-0.13446071
-0.14348679
-0.15051337
-0.15083373
-0.14288648
-0.13026424
-0.11816690
-0.10964782
-0.10593365
-0.10641949
-0.10962286
-0.11341325
-0.11785142
-0.12194861
-0.12372838
-0.12261673
-0.11925304
-0.11330067
-0.10603402
-0.10016005
-0.09849828
-0.10108913
-0.10652583
-0.11278337
-0.11787013
-0.12227955
-0.12420553
-0.12364862
-0.12084049
-0.11559829
-0.10877027
-0.10176512
-0.09713300
-0.09702232
-0.10104491
-0.10755935
-0.11413915
-0.11915349
-0.12161441
-0.12165266
-0.11814493
-0.11073505
-0.09916179
-0.08571843
-0.07427240
-0.06839680
-0.06840846
-0.07142439
-0.07496738
-0.07725713
-0.07903039
-0.08177098
-0.08560965
-0.08852711
-0.08669526
-0.07844337
-0.06531984
-0.05041924
-0.03827985
-0.03269152
-0.03389377
-0.04012093
-0.04836115
-0.05743361
-0.06536215
-0.06972654
-0.06993514
-0.06693929
-0.06223718
-0.05743714
-0.05202513
-0.04508725
-0.03706486
-0.03056155
-0.02803634
-0.02976267
-0.03451144
-0.04201056
-0.05199204
-0.06276859
-0.07230166
-0.07762415
-0.07521179
-0.06602919
-0.05432709
-0.04535580
-0.04277417
-0.04810209
-0.06072515
-0.07843062
-0.09844131
-0.11539647
-0.12498461
-0.12622537
-0.12083588
-0.11032218
-0.09783476
-0.08916947
-0.08770518
-0.09457714
-0.10853183
-0.12573303
-0.14166280
-0.15441416
-0.16262617
-0.16466120
-0.16115917
-0.15411252
-0.14745160
-0.14438305
-0.14541114
-0.14922486
-0.15381005
-0.15881246
-0.16463381
-0.17177567
-0.18061078
-0.18823279
-0.19296637
-0.19225782
-0.18357842
-0.16847763
-0.15174980
-0.14008919
-0.13550834
-0.13438232
-0.13250109
-0.12940596
-0.12782204
-0.12979387
-0.13327420
-0.13507703
-0.13373209
-0.12924130
-0.12256601
-0.11507746
-0.10954338
-0.10827766
-0.11092602
-0.11577298
-0.12057166
-0.12362882
-0.12392749
-0.12011919
-0.11139287
-0.09938830
-0.08637842
-0.07615878
-0.07136606
-0.07199865
-0.07601989
-0.08104291
-0.08473320
-0.08589394
-0.08115331
-0.06845864
-0.04978150
-0.02921770
-0.01070716
0.00300711
0.01270099
0.01896054
0.02304989
0.02735031
0.03415825
0.04463614
0.05756816
0.07069441
0.08323961
0.09532366
0.10612110
0.11481243
0.12230396
0.13011640
0.13813635
0.14547435
0.15118285
0.15469791
0.15598153
0.15543412
0.15517018
0.15723369
0.16167593
0.16738688
0.17440830
0.18297757
0.19186937
0.19952935
0.20475853
0.20694466
0.20633920
0.20373776
0.20019612
0.19649905
0.19513079
0.19575063
0.19781930
0.20368568
0.21323042
0.22427199
0.23408718
0.23895530
0.23664738
0.22843944
0.21682576
0.20481496
0.19458772
0.18755381
0.18553180
0.18903899
0.19573463
0.20302705
0.20841953
0.21077791
0.20968986
0.20422984
0.19216776
0.17629794
0.15937208
0.14271829
0.12853221
0.11793198
0.11117938
0.10774706
0.10656923
0.10827304
0.11492881
0.12633713
0.13797305
0.14531322
0.14695600
0.14157030
0.12974802
0.11452923
0.09944336
0.08913610
0.08621756
0.08962438
0.09847305
0.11082999
0.12141286
0.12598340
0.12421340
0.11746920
0.10841166
0.09766658
0.08756385
0.08114327
0.07863678
0.08100683
0.08805918
0.09533668
0.09880019
0.09566111
0.08715288
0.07745597
0.06904810
0.06366268
0.06129507
0.06095274
0.05944152
0.05498382
0.04827299
0.04245110
0.04031109
0.04386493
0.05257417
0.06187341
0.06768445
0.06862005
0.06510255
0.05895406
0.05216944
0.04628001
0.04200297
0.03956945
0.03903099
0.04154670
0.04720692
0.05453379
0.06171309
0.06716986
0.06961966
0.06723361
0.06002365
0.05151380
0.04339483
0.03592961
0.02978519
0.02557189
0.02489167
0.02823518
0.03403320
0.04039545
0.04548764
0.04812759
0.04663509
0.04198995
0.03503010
0.02578565
0.01460307
0.00370611
-0.00358452
-0.00488077
0.00041331
0.00969041
0.02001251
0.02828970
0.03278890
0.03166831
0.02628039
0.01800566
0.00760085
-0.00441758
-0.01569475
-0.02335409
-0.02690717
-0.02703624
-0.02515935
-0.02270427
-0.02084111
-0.02026562
-0.02110595
-0.02334622
-0.02804746
-0.03555961
-0.04444327
-0.05272662
-0.05756870
-0.05893832
-0.05730558
-0.05432709
-0.05131713
-0.04968764
-0.05121513
-0.05530201
-0.06086159
-0.06663194
-0.07300586
-0.07842004
-0.08106813
-0.08094579
-0.07873281
-0.07558776
-0.07262392
-0.07067000
-0.07025876
-0.07293452
-0.07915327
-0.08748111
-0.09628421
-0.10523623
-0.11242015
-0.11562976
-0.11496950
-0.11149215
-0.10674691
-0.10194904
-0.09809680
-0.09555261
-0.09436447
-0.09396598
-0.09199714
-0.08672130
-0.08089181
-0.07726581
-0.07646965
-0.07811053
-0.08106108
-0.08415025
-0.08639795
-0.08907235
-0.09154467
-0.09175869
-0.08983298
-0.08624360
-0.08391181
-0.08487697
-0.08886619
-0.09444449
-0.09994954
-0.10396318
-0.10582081
-0.10548661
-0.10354218
-0.10065728
-0.09573680
-0.08784786
-0.08016835
-0.07560567
-0.07480571
-0.07680412
-0.08216784
-0.09068313
-0.10026828
-0.10682123
-0.10739713
-0.10245549
-0.09392664
-0.08442938
-0.07610480
-0.07027965
-0.06728922
-0.06671766
-0.06742404
-0.06824733
-0.06838703
-0.06769124
-0.06625868
-0.06427818
-0.06065597
-0.05428450
-0.04592411
-0.03705373
-0.03079456
-0.02962188
-0.03344347
-0.04051345
-0.04830229
-0.05467919
-0.05851515
-0.05958122
-0.05838521
-0.05442800
-0.04724761
-0.03796627
-0.02683621
-0.01566543
-0.00758297
-0.00517040
-0.01108259
-0.02332441
-0.03698836
-0.04814604
-0.05453406
-0.05425927
-0.04707725
-0.03544106
-0.02411989
-0.01747007
-0.01664006
-0.02060340
-0.02699956
-0.03448757
-0.04153042
-0.04568241
-0.04591678
-0.04288485
-0.03687009
-0.02900421
-0.02314944
-0.02265308
-0.02774608
-0.03637259
-0.04574914
-0.05332883
-0.05757711
-0.05819804
-0.05595630
-0.05093790
-0.04281676
-0.03146567
-0.01829369
-0.00667410
0.00106602
0.00444479
0.00439422
0.00237445
-0.00083528
-0.00575636
-0.01213138
-0.01793000
-0.02030686
-0.01809127
-0.01149858
-0.00067906
0.01277580
0.02541904
0.03333903
0.03483099
0.03096248
0.02405162
0.01672005
0.01094243
0.00774324
0.00712608
0.00907235
0.01431344
0.02253435
0.03185575
0.04043180
0.04681630
0.05050496
0.05160982
0.05051256
0.04638987
0.03965463
0.03356798
0.03078805
0.03199898
0.03816619
0.04858793
0.06061555
0.07137610
0.07886410
0.08208809
0.07978152
0.07210255
0.06156037
0.05077677
0.04207323
0.03649086
0.03609291
0.04140754
0.05038479
0.06190434
0.07317812
0.08034820
0.08456067
0.08564275
0.08502291
0.08312514
0.08114083
0.08125910
0.08528007
0.09388514
0.10656028
0.12204599
0.13700843
0.14884509
0.15578839
0.15600866
0.14904827
0.13757701
0.12460049
0.11306928
0.10449622
0.09944526
0.09722713
0.09824139
0.10253416
0.10732904
0.10926343
0.10730815
0.10042860
0.08869557
0.07425992
0.05857890
0.04258727
0.02807920
0.01648302
0.00857152
0.00411935
0.00116818
-0.00180802
-0.00388406
-0.00453596
-0.00380623
-0.00343766
-0.00552901
-0.01061390
-0.01755403
-0.02598834
-0.03599309
-0.04658084
-0.05595549
-0.06287167
-0.06672906
-0.06781954
-0.06685194
-0.06599854
-0.06765814
-0.07236676
-0.07888960
-0.08552339
-0.09066794
-0.09346848
-0.09375276
-0.09206929
-0.08920500
-0.08604666
-0.08320272
-0.08177369
-0.08264256
-0.08437052
-0.08573796
-0.08789099
-0.09126499
-0.09526181
-0.09890463
-0.10141655
-0.10155815
-0.09830920
-0.09329080
-0.08891149
-0.08606104
-0.08536063
-0.08788693
-0.09382438
-0.10119465
-0.10772238
-0.10994485
-0.10646371
-0.09831490
-0.08755300
-0.07511658
-0.06384497
-0.05651945
-0.05356700
-0.05404009
-0.05632306
-0.05873433
-0.06014681
-0.05998269
-0.05841776
-0.05584861
-0.05292193
-0.04808582
-0.03857336
-0.02404039
-0.00896095
0.00219685
0.00777199
0.00806417
0.00283971
-0.00707923
-0.01680170
-0.02202160
-0.01990465
-0.00988273
0.00467338
0.02001050
0.02882165
0.02824331
0.01987690
0.00748231
-0.00506797
-0.01620939
-0.02430278
-0.02886668
-0.02871721
-0.02334622
-0.01439490
-0.00429312
0.00317565
0.00665042
0.00634869
0.00224308
-0.00401201
-0.01056258
-0.01565585
-0.01854027
-0.01903470
-0.01774191
-0.01393853
-0.00706990
0.00296723
0.01488603
0.02543347
0.03232558
0.03503227
0.03431911
0.03158801
0.02835101
0.02470813
0.02084846
0.01837626
0.01819088
0.02120651
0.02821429
0.03817542
0.04887222
0.05700637
0.05957037
0.05623327
0.04886679
0.04129442
0.03753089
0.03900332
0.04475712
0.05332286
0.06393367
0.07442756
0.08113704
0.08226468
0.07862051
0.07226124
0.06472685
0.05599889
0.04657433
0.03844370
0.03429714
0.03510876
0.03971674
0.04616580
0.05319021
0.06028760
0.06557808
0.06757893
0.06646891
0.06320153
0.05924648
0.05568206
0.05322982
0.05199909
0.05211410
0.05533592
0.06386504
0.07675203
0.08938458
0.09760663
0.10022027
0.09775989
0.09217563
0.08553804
0.07977800
0.07619513
0.07678594
0.08190906
0.08977927
0.09836753
0.10747553
0.11670532
0.12480666
0.13066164
0.13198379
0.12924564
0.12561475
0.12044661
0.11530125
0.11036124
0.10654020
0.10535016
0.10829936
0.11381147
0.11827079
0.12013167
0.11884479
0.11313086
0.10271618
0.08992331
0.07908600
0.07371929
0.07574700
0.08508259
0.09793811
0.10866448
0.11082429
0.10281492
0.08885236
0.07501133
0.06341447
0.05431759
0.04759239
0.04446687
0.04566423
0.05013034
0.05577130
0.06077940
0.06400094
0.06497967
0.06380075
0.06106857
0.05747186
0.05388628
0.05232081
0.05456797
0.05841315
0.06211918
0.06558676
0.06842745
0.07023869
0.07084524
0.07031762
0.06892603
0.06698378
0.06481420
0.06262292
0.06055127
0.05860765
0.05678475
0.05500498
0.05324121
0.05135619
0.04934015
0.04733984
0.04656700
0.04849895
0.05187946
0.05371674
0.05251856
0.04735394
0.03770124
0.02497801
0.01175129
0.00146488
-0.00294993
-0.00123349
0.00468377
0.01206354
0.01736504
0.01756572
0.01230676
0.00328703
-0.00811129
-0.02103729
-0.03384955
-0.04358499
-0.04746028
-0.04425474
-0.03551431
-0.02557919
-0.01798963
-0.01446540
-0.01572180
-0.02234859
-0.03305122
-0.04507966
-0.05575231
-0.06340579
-0.06758164
-0.06881400
-0.06806992
-0.06654731
-0.06522218
-0.06466202
-0.06485462
-0.06563911
-0.06752848
-0.07276010
-0.08313083
-0.09762697
-0.11320058
-0.12686122
-0.13651554
-0.14074972
-0.13838944
-0.13108916
-0.12317283
-0.11810207
-0.11764309
-0.12293004
-0.13274550
-0.14411450
-0.15326698
-0.15662416
-0.15306625
-0.14438386
-0.13334690
-0.12301142
-0.11567506
-0.11395008
-0.11858817
-0.12922529
-0.14371194
-0.15796828
-0.16738742
-0.17108096
-0.17086097
-0.16822020
-0.16472712
-0.16108701
-0.15607892
-0.14869589
-0.14019254
-0.13393988
-0.13393608
-0.14050721
-0.15110961
-0.16234162
-0.17124535
-0.17600741
-0.17602396
-0.17023896
-0.15922776
-0.14560510
-0.13217666
-0.12113617
-0.11393869
-0.11224925
-0.11604262
-0.12290807
-0.13016333
-0.13545300
-0.13762882
-0.13474201
-0.12632249
-0.11443727
-0.10170897
-0.08873490
-0.07560621
-0.06541152
-0.06036409
-0.06018234
-0.06334502
-0.06767198
-0.07135087
-0.07314692
-0.07288949
-0.06905841
-0.06104795
-0.04879138
-0.03293105
-0.01660870
-0.00236143
0.00607675
0.00681719
0.00126677
-0.00752245
-0.01636697
-0.02131781
-0.01994127
-0.01297556
-0.00145225
0.01316987
0.02795794
0.04024408
0.04699343
0.04667036
0.04048470
0.03127063
0.02200516
0.01484181
0.01079313
0.00987525
0.01267538
0.02105186
0.03483885
0.05139037
0.06567953
0.07350526
0.07250701
0.06433514
0.05388628
0.04490442
0.03965273
0.03848629
0.04199347
0.05003052
0.06051926
0.07086667
0.07908953
0.08415540
0.08602144
0.08537610
0.08215048
0.07692944
0.07215219
0.06946260
0.06915878
0.07061357
0.07287131
0.07493049
0.07617098
0.07635273
0.07680276
0.07944298
0.08456284
0.08992223
0.09360031
0.09607262
0.09674617
0.09522682
0.09202155
0.08812781
0.08562322
0.08550929
0.08741818
0.08922806
0.08831390
0.08388495
0.07681659
0.06981443
0.06614014
0.06691406
0.07123803
0.07720749
0.08285224
0.08670557
0.08816307
0.08738481
0.08508801
0.08213556
0.07923764
0.07671080
0.07465895
0.07302756
0.07168643
0.07041175
0.06897079
0.06726508
0.06539335
0.06349666
0.06173100
0.06017258
0.05879564
0.05748136
0.05620343
0.05487613
0.05344981
0.05196762
0.05050659
0.04916166
0.04870620
0.05073174
0.05557843
0.06198300
0.06832464
0.07318625
0.07581400
0.07612324
0.07461582
0.07202768
0.06870685
0.06342640
0.05594925
0.04889283
0.04283277
0.03708412
0.03191435
0.02749327
0.02406664
0.02158335
0.02000214
0.01946444
0.02154803
0.02675217
0.03365560
0.04017193
0.04310973
0.04083707
0.03436658
0.02574865
0.01728719
0.01063492
0.00661100
0.00506840
0.00531940
0.00637590
0.00742949
0.00791706
0.00771166
0.00689936
0.00579688
0.00464609
0.00370190
0.00306367
0.00463245
0.00965262
0.01514916
0.01802435
0.01561006
0.00698516
-0.00350618
-0.01147056
-0.01502662
-0.01426052
-0.01046777
-0.00558776
-0.00124008
0.00140983
0.00206024
0.00087445
0.00060445
0.00145536
0.00182984
0.00135727
-0.00024322
-0.00434249
-0.01185882
-0.02119679
-0.03055693
-0.03630287
-0.03632159
-0.03137019
-0.02365492
-0.01560708
-0.00926059
-0.00559346
-0.00614272
-0.01157467
-0.02193990
-0.03630369
-0.05183253
-0.06405682
-0.06936277
-0.06767279
-0.06244768
-0.05819994
-0.05551496
-0.05336681
-0.05109008
-0.05004137
-0.05165648
-0.05713305
-0.06666151
-0.07844093
-0.08995831
-0.09890816
-0.10406762
-0.10394257
-0.09797229
-0.08799489
-0.07665112
-0.06651611
-0.05913065
-0.05657587
-0.05969624
-0.06685655
-0.07538160
-0.08295614
-0.08804209
-0.09003182
-0.08770518
-0.08202326
-0.07459737
-0.06592611
-0.05860765
-0.05529496
-0.05654875
-0.06099587
-0.06666612
-0.07162078
-0.07467631
-0.07538811
-0.07404969
-0.06905787
-0.05817471
-0.04344149
-0.02959503
-0.02107014
-0.02057750
-0.02738449
-0.03946664
-0.05353472
-0.06507705
-0.07128984
-0.07178571
-0.06674967
-0.05673619
-0.04510244
-0.03631589
-0.03259468
-0.03368435
-0.03793833
-0.04432988
-0.05258231
-0.06032693
-0.06434437
-0.06346791
-0.05860467
-0.05160196
-0.04446117
-0.03862463
-0.03411783
-0.02997534
-0.02611513
-0.02240194
-0.01983076
-0.01873102
-0.01715408
-0.01389483
-0.00904200
-0.00339803
0.00200187
0.00630808
0.00908581
0.01035536
0.01047225
0.00995934
0.00930206
0.00885412
0.00872592
0.00820667
0.00630070
0.00409741
0.00304191
0.00344813
0.00509941
0.00740752
0.00975109
0.01165572
0.01300597
0.01387234
0.01435519
0.01460652
0.01474462
0.01487200
0.01501271
0.01518494
0.01534818
0.01550237
0.01560692
0.01568952
0.01572481
0.01576658
0.01576753
0.01535892
0.01270894
0.00738652
0.00235453
0.00023832
0.00137119
0.00468201
0.00724628
0.00869106
0.01011854
0.01167617
0.01339572
0.01510545
0.01663539
0.01783058
0.01859382
0.01896265
0.01898137
0.01883945
0.01865257
0.02035397
0.02522560
0.03231528
0.04000266
0.04667008
0.05121676
0.05334646
0.05336355
0.05383121
0.05679126
0.06199250
0.06818467
0.07388503
0.07612541
0.07457052
0.07027829
0.06512425
0.06191709
0.06110763
0.06255700
0.06503284
0.06759602
0.06917343
0.06954940
0.06863225
0.06835583
0.06902722
0.06926539
0.06834960
0.06630968
0.06488961
0.06607531
0.06972925
0.07480706
0.07816804
0.07731545
0.07210662
0.06557021
0.06252472
0.06591716
0.07508402
0.08709646
0.09732939
0.10167533
0.09792618
0.08728092
0.07410367
0.06252825
0.05483679
0.05157130
0.05184230
0.05520192
0.06156417
0.06964326
0.07744403
0.08217381
0.08028662
0.07027910
0.05420475
0.03614445
0.02107562
0.01307528
0.01287224
0.01848284
0.02668462
0.03439941
0.03877871
0.03743161
0.03023277
0.01953966
0.00837081
-0.00071545
-0.00646143
-0.00876083
-0.00847074
-0.00607219
-0.00119309
0.00574301
0.01243870
0.01583833
0.01371321
0.00526857
-0.00812596
-0.02309299
-0.03650198
-0.04607710
-0.05116386
-0.05220417
-0.05061998
-0.04785090
-0.04528609
-0.04398402
-0.04603722
-0.05201482
-0.06037332
-0.06894882
-0.07630553
-0.08300578
-0.08979826
-0.09604712
-0.10125325
-0.10471079
-0.10603375
-0.10387394
-0.09929390
-0.09331548
-0.08824581
-0.08801198
-0.09335238
-0.10045871
-0.10550912
-0.10871765
-0.11155318
-0.11391509
-0.11592137
-0.11521065
-0.11236996
-0.10768494
-0.10253823
-0.09948324
-0.09883627
-0.10013400
-0.10406491
-0.11080476
-0.11857922
-0.12370505
-0.12341724
-0.11622166
-0.10436276
-0.09268317
-0.08369724
-0.07879656
-0.07919857
-0.08335571
-0.08724837
-0.09062291
-0.09240675
-0.09134610
-0.08730371
-0.07999881
-0.06914739
-0.05815437
-0.04903443
-0.04321064
-0.04197584
-0.04316724
-0.04498390
-0.04756499
-0.05024183
-0.05258095
-0.05383637
-0.05390174
-0.05133151
-0.04669124
-0.04218146
-0.03918534
-0.03791148
-0.03668698
-0.03329237
-0.02907393
-0.02474022
-0.02127595
-0.01880521
-0.01607463
-0.01269212
-0.00887642
-0.00504092
-0.00167456
0.00236188
0.00686507
0.01007481
0.01134349
0.01224209
0.01485711
0.01944583
0.02528774
0.03116430
0.03603378
0.03923606
0.04070225
0.04191074
0.04504222
0.05058200
0.05755894
0.06447701
0.07004826
0.07455668
0.07935971
0.08371161
0.08554401
0.08410413
0.08003543
0.07461338
0.06916936
0.06472305
0.06178959
0.06142040
0.06475859
0.07016192
0.07527228
0.07977311
0.08358493
0.08645627
0.08702593
0.08490626
0.08183283
0.07939795
0.07819706
0.07927887
0.08371053
0.09083070
0.09766305
0.10077934
0.09780329
0.08894215
0.07708488
0.06416289
0.05172375
0.04149326
0.03511744
0.03357557
0.03493190
0.03729380
0.04024870
0.04199998
0.04117507
0.03805470
0.03361464
0.02905901
0.02537195
0.02317177
0.02248457
0.02288968
0.02377346
0.02455677
0.02412234
0.02143741
0.01793120
0.01621181
0.01772872
0.02120678
0.02443052
0.02636247
0.02721685
0.02819530
0.02933434
0.03070152
0.03125897
0.03073353
0.03031578
0.03018394
0.03122235
0.03414414
0.03822180
0.04248745
0.04589915
0.04792360
0.04835708
0.04755305
0.04663102
0.04706695
0.04870050
0.05183063
0.05641935
0.06142637
0.06568523
0.06841931
0.06928166
0.06852239
0.06655274
0.06368763
0.05915778
0.05420013
0.05068182
0.04900486
0.04828303
0.04619510
0.04141459
0.03457790
0.02727300
0.02228698
0.01971376
0.01810627
0.01679053
0.01530977
0.01354636
0.01159387
0.00965251
0.00796340
0.00659305
0.00549694
0.00489634
0.00660107
0.01098041
0.01474372
0.01395309
0.00874475
0.00006398
-0.01104334
-0.02216565
-0.03098228
-0.03458712
-0.03204374
-0.02505958
-0.01587910
-0.00579802
0.00273348
0.00745952
0.00971493
0.00951964
0.00679283
0.00245281
-0.00256609
-0.00866849
-0.01391349
-0.01462995
-0.00970267
-0.00107173
0.00843385
0.01440347
0.01433522
0.00678410
-0.00530879
-0.01888559
-0.03006486
-0.03539495
-0.03298340
-0.02500886
-0.01444769
-0.00469357
0.00038800
-0.00148853
-0.00886570
-0.01707188
-0.02370806
-0.02895511
-0.03440998
-0.03777883
-0.03758704
-0.03421657
-0.02915694
-0.02388878
-0.01974734
-0.01915775
-0.02171445
-0.02442862
-0.02624105
-0.02633523
-0.02514229
-0.02304389
-0.02098087
-0.01934229
-0.01867026
-0.02064971
-0.02667584
-0.03507513
-0.04413620
-0.04977797
-0.05159192
-0.04960138
-0.04368508
-0.03757782
-0.03287327
-0.02868900
-0.02543710
-0.02285650
-0.02310365
-0.02528587
-0.02891822
-0.03256186
-0.03367594
-0.03216282
-0.02866269
-0.02609264
-0.02702965
-0.03161867
-0.03849280
-0.04431415
-0.04600006
-0.04301831
-0.03650659
-0.03013946
-0.02606150
-0.02518407
-0.02842940
-0.03461587
-0.04194573
-0.04840483
-0.05281560
-0.05324908
-0.04866280
-0.04172655
-0.03635062
-0.03427923
-0.03572562
-0.04090489
-0.04979425
-0.06037874
-0.07058672
-0.07686949
-0.07846317
-0.07578362
-0.06914088
-0.06029980
-0.05142075
-0.04574588
-0.04564877
-0.05052178
-0.05825880
-0.06620470
-0.07242590
-0.07719040
-0.08196358
-0.08679807
-0.09140713
-0.09355501
-0.09001256
-0.07948937
-0.06589356
-0.05543982
-0.05245698
-0.05534840
-0.06183543
-0.06870143
-0.07394932
-0.07615281
-0.07403721
-0.06679118
-0.05625063
-0.04639448
-0.03960010
-0.03671981
-0.03859940
-0.04684912
-0.06085779
-0.07592630
-0.08678071
-0.09112882
-0.08773502
-0.07715568
-0.06098990
-0.04297247
-0.02829051
-0.01939106
-0.01808967
-0.02407177
-0.03472736
-0.04631391
-0.05742846
-0.06615235
-0.07027531
-0.06955130
-0.06533882
-0.05939839
-0.05355262
-0.04743695
-0.04167691
-0.03788326
-0.03656302
-0.03713783
-0.04029074
-0.04494755
-0.04994371
-0.05387841
-0.05459699
-0.05188136
-0.04666520
-0.04045187
-0.03462239
-0.02869768
-0.02306269
-0.01942180
-0.01815640
-0.01882350
-0.02049568
-0.02222486
-0.02336081
-0.02350575
-0.02274935
-0.01985238
-0.01524274
-0.00810356
0.00326750
0.01752549
0.03066137
0.04010493
0.04484176
0.04376104
0.03690047
0.02504442
0.01273864
0.00581009
0.00767154
0.01704435
0.03066870
0.04434534
0.05515879
0.06130999
0.06302412
0.05970682
0.05174057
0.03969314
0.02789854
0.02172704
0.02266456
0.02926354
0.03869001
0.04794286
0.05632387
0.06418513
0.07121144
0.07544616
0.07513665
0.06919540
0.05779630
0.04501916
0.03551132
0.03131783
0.03365343
0.04078526
0.04861723
0.05433739
0.05659758
0.05559498
0.05231430
0.04665815
0.03688799
0.02303331
0.00852774
-0.00079232
-0.00137773
0.00612837
0.01848365
0.03171958
0.04123312
0.04260762
0.03544432
0.02380599
0.01223531
0.00540404
0.00613602
0.01353358
0.02461395
0.03435383
0.03858204
0.03781084
0.03517712
0.03314426
0.03174263
0.02956383
0.02616865
0.02189435
0.01879976
0.01909878
0.02291662
0.02903161
0.03566893
0.04130175
0.04495460
0.04642866
0.04608171
0.04465052
0.04286668
0.04132643
0.04029752
0.03982335
0.03971702
0.03977317
0.03976123
0.03959196
0.03920867
0.03869462
0.03808888
0.03751760
0.03701494
0.03769202
0.03990093
0.04207051
0.04290140
0.04213670
0.04007156
0.03735403
0.03346381
0.02734705
0.01932531
0.01199073
0.00843656
0.01070060
0.01818865
0.02845843
0.03974658
0.04914484
0.05357216
0.05230263
0.04676747
0.03927675
0.03210070
0.02678521
0.02393768
0.02330292
0.02415136
0.02663414
0.03148005
0.03708547
0.04058479
0.04063552
0.03761390
0.03275500
0.02756461
0.02327829
0.02165054
0.02423171
0.03055015
0.03869625
0.04649946
0.05229287
0.05422618
0.05092054
0.04319436
0.03333008
0.02380978
0.01644114
0.01206270
0.01049929
0.01096942
0.01242514
0.01504249
0.01969255
0.02611562
0.03307455
0.03933399
0.04286423
0.04165005
0.03465928
0.02214587
0.00654226
-0.00763698
-0.01595009
-0.01594624
-0.00744902
0.00667608
0.02224808
0.03441107
0.04050694
0.04047954
0.03500487
0.02609696
0.01649897
0.00847440
0.00323489
0.00014304
-0.00311250
-0.00784114
-0.01367282
-0.01900215
-0.02186419
-0.02201851
-0.01915938
-0.01350825
-0.00662419
-0.00085147
0.00018423
-0.00607487
-0.01795808
-0.03103707
-0.04205342
-0.04810426
-0.04790841
-0.04280863
-0.03516573
-0.02750466
-0.02161405
-0.01767802
-0.01461612
-0.01285724
-0.01287395
-0.01417629
-0.01615710
-0.01805565
-0.01934085
-0.01985954
-0.01981931
-0.01948782
-0.01907271
-0.01860960
-0.01729071
-0.01347002
-0.00686059
0.00046601
0.00518881
0.00554564
0.00198579
-0.00398285
-0.01037991
-0.01561077
-0.01873873
-0.01964963
-0.01814105
-0.01328966
-0.00526330
0.00405316
0.01237449
0.01633643
0.01448051
0.00804090
-0.00090377
-0.01118944
-0.02011586
-0.02458397
-0.02253820
-0.01398035
-0.00183517
0.01069542
0.02075550
0.02702493
0.02926354
0.02812152
0.02317931
0.01507789
0.00613672
0.00009707
-0.00087099
0.00272659
0.00903839
0.01588713
0.02142637
0.02473344
0.02562113
0.02434260
0.01999013
0.01268005
0.00438150
-0.00133361
-0.00232477
0.00065595
0.00458766
0.00828501
0.01189967
0.01498103
0.01765277
0.02115670
0.02517240
0.02975535
0.03515461
0.03860537
0.03871496
0.03755341
0.03724959
0.03782847
0.03745032
0.03456922
0.02962487
0.02359453
0.01822346
0.01620288
0.01887382
0.02487846
0.03229683
0.03896209
0.04358390
0.04553213
0.04519440
0.04326001
0.04075922
0.03836150
0.03661130
0.03549776
0.03497964
0.03471814
0.03633298
0.04097677
0.04769872
0.05296751
0.05373166
0.05009698
0.04334356
0.03751841
0.03389078
0.03314752
0.03636743
0.04008919
0.04118727
0.03883513
0.03374294
0.02733837
0.02112494
0.01452118
0.00670622
0.00051899
-0.00363235
-0.00534276
-0.00528650
-0.00414764
-0.00078411
0.00360102
0.00834113
0.01202508
0.01267128
0.00659172
-0.00408411
-0.01711217
-0.02895023
-0.03592473
-0.03732988
-0.03428710
-0.02879751
-0.02309432
-0.01864696
-0.01632175
-0.01587341
-0.01694029
-0.02029676
-0.02867897
-0.03984343
-0.05008369
-0.05525183
-0.05506791
-0.05037313
-0.04355650
-0.03668075
-0.02981475
-0.02412942
-0.01992326
-0.01737725
-0.01595064
-0.01527144
-0.01487529
-0.01460386
-0.01434648
-0.01427818
-0.01448198
-0.01507241
-0.01594947
-0.01693028
-0.01784618
-0.02007772
-0.02686361
-0.03899409
-0.05399669
-0.06792886
-0.07566670
-0.07440396
-0.06581137
-0.05257526
-0.03760576
-0.02343129
-0.01116628
-0.00273981
0.00076735
0.00017133
-0.00300331
-0.00852812
-0.01768508
-0.02806184
-0.03498398
-0.03631616
-0.03257705
-0.02571781
-0.01811916
-0.01172983
-0.00765961
-0.00593843
-0.00611008
-0.00766498
-0.01154979
-0.01805769
-0.02542153
-0.03024579
-0.03029869
-0.02612734
-0.01937104
-0.01219285
-0.00624574
-0.00254766
-0.00113746
-0.00157842
-0.00336228
-0.00715798
-0.01184981
-0.01690741
-0.02227041
-0.02526010
-0.02443554
-0.02028532
-0.01437952
-0.00833845
-0.00356575
-0.00064688
0.00030687
-0.00050856
-0.00418671
-0.01081336
-0.01865669
-0.02414162
-0.02494473
-0.02139102
-0.01527467
-0.00855020
-0.00282764
0.00239796
0.00635851
0.00753447
0.00629194
0.00344276
0.00016614
-0.00267749
-0.00465814
-0.00572589
-0.00791915
-0.01306616
-0.01834832
-0.01916439
-0.01176208
0.00347295
0.02094148
0.03277290
0.03306098
0.02112627
0.00325241
-0.01350247
-0.02473133
-0.02892744
-0.02500435
-0.01404823
0.00013723
0.01174809
0.01667958
0.01493770
0.00827779
-0.00042305
-0.00848620
-0.01400390
-0.01449109
-0.00892351
0.00046735
0.00938694
0.01362193
0.01400010
0.01286491
0.01214023
0.01111436
0.01002957
0.01027433
0.01204227
0.01464395
0.01882537
0.02396261
0.02784076
0.03079022
0.03279921
0.03259875
0.03176027
0.03087947
0.03058053
0.03072837
0.03129152
0.03192628
0.03083064
0.02938968
0.02815434
0.02763704
0.02768885
0.02671634
0.02593924
0.02555375
0.02587346
0.02682582
0.02655301
0.02565325
0.02489012
0.02459306
0.02469533
0.02395117
0.02178392
0.01853460
0.01592929
0.01506943
0.01491934
0.01557705
0.01715125
0.01798558
0.01709879
0.01452606
0.01110250
0.00766110
0.00601924
0.00685859
0.00972111
0.01354199
0.01725002
0.01995115
0.02124576
0.02119411
0.02018085
0.01979387
0.02088061
0.02322201
0.02536964
0.02563388
0.02386943
0.01981288
0.01352338
0.00630526
-0.00062811
-0.00617153
-0.00914101
-0.00863944
-0.00636071
-0.00448125
-0.00332105
-0.00137727
0.00222226
0.00616377
0.00701785
0.00172331
-0.00875793
-0.02085421
-0.03253609
-0.04268411
-0.05010322
-0.05370290
-0.05283865
-0.04965102
-0.04672597
-0.04523591
-0.04473596
-0.04382777
-0.04310946
-0.04359963
-0.04510109
-0.04717437
-0.04916518
-0.05065578
-0.05135972
-0.05174980
-0.05372027
-0.05805644
-0.06181238
-0.06276343
-0.06061745
-0.05626473
-0.05089233
-0.04549225
-0.03939719
-0.03388644
-0.03108861
-0.03262832
-0.03734806
-0.04350279
-0.04880413
-0.05068155
-0.04911934
-0.04486210
-0.03945850
-0.03409396
-0.02958879
-0.02491581
-0.02085430
-0.01911030
-0.02154377
-0.02847579
-0.03743134
-0.04426613
-0.04611915
-0.04310539
-0.03670869
-0.02907664
-0.02201187
-0.01690958
-0.01413875
-0.01349395
-0.01413321
-0.01531178
-0.01630618
-0.01860543
-0.02317524
-0.02738666
-0.02863773
-0.02678605
-0.02248547
-0.01725393
-0.01038267
-0.00349848
0.00074151
0.00177531
0.00010528
-0.00484425
-0.01131078
-0.01603250
-0.01800520
-0.01711881
-0.01437808
-0.01086523
-0.00767596
-0.00351668
0.00274537
0.00833229
0.01062041
0.00936961
0.00550199
0.00051368
-0.00412461
-0.00746286
-0.00904384
-0.00909422
-0.00631478
-0.00185593
0.00302200
0.00887973
0.01637302
0.02631728
0.03727454
0.04603370
0.04790407
0.04139805
0.02853926
0.01328714
-0.00072158
-0.01077834
-0.01601121
-0.01540056
-0.00915753
-0.00084406
0.00517398
0.00711227
0.00346544
-0.00418812
-0.01203793
-0.01744357
-0.01938073
-0.01812529
-0.01488134
-0.01101065
-0.00777554
-0.00589893
-0.00704118
-0.01061550
-0.01410229
-0.01600296
-0.01571493
-0.01372870
-0.01096239
-0.00834059
-0.00645671
-0.00554431
-0.00547128
-0.00591448
-0.00649230
-0.00691349
-0.00702653
-0.00682750
-0.00640850
-0.00581853
-0.00506042
-0.00420960
-0.00338482
-0.00268200
-0.00215396
-0.00180148
-0.00159248
-0.00147150
-0.00138791
-0.00129852
-0.00118469
-0.00103980
-0.00087525
-0.00070101
-0.00053258
-0.00037387
-0.00023022
-0.00009546
0.00003158
0.00015901
0.00028559
0.00044414
0.00136195
0.00460228
0.00979218
0.01412334
0.01564828
0.01420561
0.01063484
0.00621287
0.00137956
-0.00471923
-0.01141682
-0.01588295
-0.01651557
-0.01367936
-0.00871795
-0.00325849
0.00134243
0.00431992
0.00554591
0.00540048
0.00446635
0.00257589
-0.00155749
-0.00809941
-0.01498827
-0.01896670
-0.01836294
-0.01384781
-0.00712736
-0.00021632
0.00533256
0.00868884
0.00985186
0.00936635
0.00802872
0.00645573
0.00509691
0.00421731
0.00386455
0.00392418
0.00420846
0.00454518
0.00480731
0.00496179
0.00500123
0.00500305
0.00494581
0.00411268
-0.00056722
-0.00860000
-0.01511188
-0.01726513
-0.01472010
-0.00883508
-0.00108028
0.00790233
0.01596257
0.02051407
0.02141001
0.01881785
0.01221561
0.00101903
-0.00966271
-0.01511110
-0.01429348
-0.00829165
0.00190262
0.01352040
0.02600953
0.03788516
0.04632856
0.05108194
0.05429291
0.05811259
0.06271352
0.06757242
0.06985946
0.06565268
0.05442013
0.03885629
0.02452619
0.01594632
0.01596089
0.02288987
0.03358425
0.04627295
0.05580521
0.06091774
0.06301652
0.06320885
0.06255591
0.06181319
0.06128178
0.05915181
0.05208752
0.04138123
0.03266277
0.02761289
0.02691911
0.03113853
0.03827226
0.04609093
0.05241846
0.05618200
0.05710566
0.05582257
0.05311670
0.04637332
0.03353217
0.01894689
0.00698095
0.00185501
0.00504247
0.01444425
0.02641900
0.03751461
0.04522261
0.04874228
0.04840483
0.04558584
0.03978158
0.03097929
0.02086021
0.01134423
0.00386295
0.00103204
0.00397482
0.01102077
0.01981364
0.02786978
0.03356472
0.03621200
0.03615856
0.03430473
0.03327664
0.03533364
0.04024246
0.04523591
0.04705854
0.04491229
0.03790849
0.02786273
0.01848835
0.01217574
0.00965137
0.01176417
0.01712741
0.02235244
0.02540566
0.02552809
0.02320532
0.01945294
0.01551148
0.01226778
0.01021042
0.00928625
0.00918612
0.00941217
0.00959215
0.00944109
0.00894060
0.00811864
0.00718853
0.00627594
0.00692469
0.00909180
0.01084214
0.01123238
0.01002089
0.00766736
0.00477749
0.00206534
-0.00005762
-0.00136526
-0.00198655
-0.00211969
-0.00210048
-0.00211779
-0.00235203
-0.00277567
-0.00338561
-0.00403385
-0.00469563
-0.00525042
-0.00575644
-0.00614285
-0.00653896
-0.00697398
-0.01051223
-0.01993644
-0.03273384
-0.04445358
-0.05235472
-0.05547725
-0.05588903
-0.05497975
-0.05114325
-0.04358770
-0.03655678
-0.03501111
-0.03976557
-0.04895441
-0.05966938
-0.06917044
-0.07547329
-0.07799144
-0.07722268
-0.07440830
-0.07087290
-0.06766221
-0.06381648
-0.05795689
-0.05195894
-0.04842788
-0.04814088
-0.05051201
-0.05426985
-0.05803582
-0.06077506
-0.06196700
-0.06167213
-0.06027891
-0.05839416
-0.05648473
-0.05493933
-0.05379161
-0.05301688
-0.05098456
-0.04763416
-0.04471155
-0.04311109
-0.04300746
-0.04525571
-0.04936782
-0.05293522
-0.05455820
-0.05384695
-0.05133666
-0.04787233
-0.04441587
-0.04161804
-0.03979243
-0.03887799
-0.03861378
-0.03978565
-0.04220370
-0.04400735
-0.04425908
-0.04279588
-0.04017491
-0.03705862
-0.03419135
-0.03196589
-0.03058298
-0.02987796
-0.02963111
-0.02950144
-0.02934329
-0.03019018
-0.03484726
-0.04479293
-0.05744528
-0.06700032
-0.06909693
-0.06320668
-0.05181897
-0.03846811
-0.02652284
-0.01806734
-0.01380406
-0.01304699
-0.01450580
-0.01666347
-0.01955754
-0.02297890
-0.02522169
-0.02524179
-0.02325212
-0.02000656
-0.01647483
-0.01341048
-0.01125422
-0.00931280
-0.00578858
-0.00060090
0.00365798
0.00519985
0.00390036
0.00063295
-0.00338197
-0.00693807
-0.00929943
-0.01014491
-0.00896279
-0.00519893
0.00077191
0.01017445
0.02307913
0.03642006
0.04529613
0.04567644
0.03760467
0.02497373
0.01281354
0.00338379
-0.00213154
-0.00126358
0.00723019
0.02147864
0.03758297
0.05189221
0.06189810
0.06685140
0.06732720
0.06489992
0.06122319
0.05778382
0.05528194
0.05359494
0.05093926
0.04774538
0.04562843
0.04498851
0.04563439
0.04703575
0.04890558
0.05204168
0.05525346
0.05645842
0.05531015
0.05221013
0.04817832
0.04415302
0.04093554
0.03923172
0.04108935
0.04868206
0.06131352
0.07551995
0.08593110
0.08743934
0.07926666
0.06447078
0.04750287
0.03230876
0.02142653
0.01565439
0.01430726
0.01582610
0.02019054
0.02724777
0.03342692
0.03580673
0.03408637
0.02935333
0.02336258
0.01776559
0.01368327
0.01150609
0.01099861
0.01154697
0.01245034
0.01315652
0.01336705
0.01305304
0.01235827
0.01151285
0.01071085
0.01008412
0.00965311
0.00938756
0.00919673
0.00901862
0.00878338
0.00849350
0.00813158
0.00775794
0.00736243
0.00707039
0.00548284
0.00248145
-0.00008321
-0.00276867
-0.00518857
-0.00586850
-0.00465434
-0.00197601
0.00124898
0.00420344
0.00625966
0.00712041
0.00687524
0.00592090
0.00468334
0.00353157
0.00161826
-0.00140579
-0.00407926
-0.00642888
-0.01096579
-0.01960984
-0.03039472
-0.03828962
-0.03938689
-0.03452527
-0.02760665
-0.02198051
-0.01816096
-0.01585835
-0.01480378
-0.01344444
-0.01089992
-0.00729730
-0.00449836
-0.00485269
-0.00889999
-0.01541432
-0.02185944
-0.02559541
-0.02688140
-0.02705322
-0.02617665
-0.02393630
-0.02250299
-0.02506154
-0.03142037
-0.03891244
-0.04481924
-0.04613217
-0.04353453
-0.04040277
-0.03810651
-0.03760033
-0.03784610
-0.03662107
-0.03251059
-0.02633700
-0.01893832
-0.01257067
-0.00991878
-0.01252070
-0.01904458
-0.02766064
-0.03713186
-0.04394251
-0.04735123
-0.04716677
-0.04499529
-0.04297220
-0.04064366
-0.03893957
-0.03919863
-0.04117208
-0.04406730
-0.04673492
-0.04861994
-0.04927721
-0.04884292
-0.04753000
-0.04583784
-0.04403284
-0.04234069
-0.04081510
-0.03957569
-0.03863819
-0.03807261
-0.03763668
-0.03712725
-0.03633217
-0.03536131
-0.03399603
-0.03249458
-0.02909997
-0.02452972
-0.01927070
-0.01257658
-0.00726112
-0.00556056
-0.00727582
-0.01127332
-0.01589427
-0.01982417
-0.02212609
-0.02270503
-0.02176225
-0.02005284
-0.01789238
-0.01580803
-0.01215989
-0.00769853
-0.00266573
0.00188195
0.00360766
0.00264737
-0.00022664
-0.00351766
-0.00628907
-0.00778998
-0.00800506
-0.00711713
-0.00563201
-0.00245664
0.00349731
0.01010574
0.01582941
0.01960488
0.01983192
0.01703355
0.01246792
0.00773507
0.00388018
0.00179827
0.00137891
0.00248859
0.00442165
0.00810500
0.01271401
0.01758192
0.02175755
0.02335091
0.02199176
0.01852163
0.01285580
0.00612357
0.00106747
-0.00116957
-0.00049671
0.00212233
0.00561367
0.00884398
0.01225910
0.01589939
0.01838877
0.01887501
0.01753830
0.01503411
0.01226826
0.00995329
0.00854827
0.00810668
0.00846391
0.00925763
0.01017407
0.01085492
0.01109773
0.01088739
0.01043587
0.00994539
0.00962978
0.00955586
0.00975407
0.01012915
0.01069753
0.01145157
0.01235792
0.01325817
0.01403987
0.01362578
0.01037323
0.00413424
-0.00360625
-0.01031684
-0.01273137
-0.00961035
-0.00219298
0.00712223
0.01592259
0.02245736
0.02604552
0.02691007
0.02594665
0.02418814
0.02259457
0.02242283
0.02476613
0.02815624
0.03067683
0.03155763
0.03083552
0.02909780
0.02704899
0.02533329
0.02501816
0.02702612
0.02997534
0.03202746
0.03331651
0.03476046
0.03562173
0.03486435
0.03282851
0.03013051
0.02752012
0.02549060
0.02445607
0.02427365
0.02475506
0.02544180
0.02613564
0.02691688
0.02911489
0.03186660
0.03379991
0.03621010
0.04009869
0.04457185
0.04711767
0.04630822
0.04441886
0.04357278
0.04445982
0.04675011
0.04976305
0.05253918
0.05452430
0.05572302
0.05807055
0.06214658
0.06555095
0.06609321
0.06380292
0.05968078
0.05657859
0.05467159
0.05470035
0.05582691
0.05578324
0.05414995
0.05276948
0.05199122
0.05026218
0.04969089
0.04986396
0.04901409
0.04691802
0.04573965
0.04755956
0.05185179
0.05745559
0.06080137
0.05949252
0.05577781
0.05282563
0.04975301
0.04544125
0.04012473
0.03462157
0.02959313
0.02572766
0.02307994
0.02176526
0.02127592
0.02331633
0.02679272
0.03105281
0.03470539
0.03534178
0.03303277
0.02852923
0.02150398
0.01169845
0.00088938
-0.00904854
-0.01461278
-0.01202155
-0.00121034
0.01438028
0.02899770
0.03767656
0.03899057
0.03270752
0.02018877
0.00682319
-0.00243881
-0.00430454
0.00213625
0.01432416
0.02678271
0.03591361
0.04144796
0.04370651
0.04211744
0.03774465
0.03211861
0.02524063
0.01818228
0.01331388
0.01301256
0.01681204
0.02320294
0.02988799
0.03531628
0.03838510
0.04052918
0.04210496
0.04213616
0.04048415
0.03762339
0.03425428
0.03100968
0.02829865
0.02480270
0.02038124
0.01684166
0.01487249
0.01473130
0.01591344
0.01781081
0.01955371
0.02071430
0.02093589
0.02040937
0.01924499
0.01786490
0.01491185
0.01072140
0.00731692
0.00570764
0.00589752
0.00736851
0.00930475
0.01241423
0.01614174
0.01844329
0.01855104
0.01654221
0.01171063
0.00346642
-0.00520425
-0.01087838
-0.01225665
-0.00994876
-0.00543729
-0.00048389
0.00643479
0.01586413
0.02366938
0.02654210
0.02233771
0.01109691
-0.00432532
-0.01858967
-0.02698597
-0.02830788
-0.02386116
-0.01640026
-0.00874166
-0.00303462
-0.00022057
-0.00023849
-0.00372048
-0.01108973
-0.02066406
-0.02889625
-0.03232070
-0.03215197
-0.02956872
-0.02501192
-0.02103387
-0.02200451
-0.02810307
-0.03778642
-0.04660227
-0.05090508
-0.04970853
-0.04423467
-0.03824025
-0.03247641
-0.02812233
-0.02689944
-0.02733349
-0.02835860
-0.03055504
-0.03357096
-0.03686168
-0.03973058
-0.04183071
-0.04297220
-0.04333949
-0.04454988
-0.04827679
-0.05241575
-0.05447655
-0.05567039
-0.05770325
-0.06062939
-0.06406659
-0.06727864
-0.06972681
-0.07102074
-0.07117021
-0.07036618
-0.06900741
-0.06744628
-0.06599230
-0.06477920
-0.06383574
-0.06308542
-0.06241621
-0.06174293
-0.06098149
-0.06015847
-0.05923292
-0.05826124
-0.05549705
-0.05149128
-0.04853449
-0.04715185
-0.04744183
-0.04872627
-0.05045966
-0.05375851
-0.05973313
-0.06553956
-0.06981361
-0.07112165
-0.06834960
-0.06253150
-0.05533592
-0.04852635
-0.04329338
-0.04013965
-0.03889101
-0.03932775
-0.04196825
-0.04542254
-0.04809830
-0.05266315
-0.05961567
-0.06800428
-0.07525058
-0.07682717
-0.07144066
-0.06079974
-0.04763552
-0.03332031
-0.01953212
-0.00993050
-0.00730343
-0.01441020
-0.03088896
-0.05157456
-0.06919757
-0.07685701
-0.07285477
-0.05998459
-0.04319762
-0.02726323
-0.01558961
-0.00941469
-0.00822907
-0.01029543
-0.01441706
-0.02059928
-0.02831873
-0.03526664
-0.03845970
-0.03660805
-0.03089222
-0.02396880
-0.01886657
-0.01581381
-0.01395716
-0.01273197
-0.01170919
-0.01061013
-0.00939473
-0.00812686
-0.00697906
-0.00608402
-0.00627670
-0.00842989
-0.01116264
-0.01264223
-0.01241703
-0.01062133
-0.00796180
-0.00514034
-0.00283022
-0.00130980
-0.00065033
-0.00059424
-0.00090861
-0.00204035
-0.00555312
-0.01168947
-0.01842430
-0.02238808
-0.02184398
-0.01734198
-0.01057489
-0.00351598
0.00222384
0.00575733
0.00696538
0.00649604
0.00524231
0.00401044
0.00328090
0.00322844
0.00371829
0.00450761
0.00530299
0.00592880
0.00628660
0.00642323
0.00640628
0.00636269
0.00639076
0.00762228
0.01150240
0.01683653
0.02076234
0.02175099
0.01984598
0.01604099
0.01165203
0.00787203
0.00541603
0.00446752
0.00474606
0.00573856
0.00690584
0.00784545
0.00837767
0.00853530
0.00954265
0.01305548
0.01909772
0.02534382
0.02871043
0.02800623
0.02386984
0.01792026
0.01196222
0.00857694
0.01107722
0.01970003
0.02976701
0.03715844
0.04233717
0.04618805
0.04784955
0.04599979
0.03983637
0.03041886
0.01993899
0.01054839
0.00371709
-0.00001796
0.00018438
0.00382183
0.00818119
0.01223758
0.01777747
0.02430878
0.02810795
0.02736007
0.02260276
0.01564766
0.00847278
0.00274309
-0.00074041
-0.00189526
-0.00132694
0.00017485
0.00177991
0.00299295
0.00356057
0.00358439
0.00324894
0.00285173
0.00255498
0.00249284
0.00262371
0.00291382
0.00323250
0.00353743
0.00374739
0.00389276
0.00395787
0.00401280
0.00405135
0.00413050
0.00421760
0.00437388
0.00525243
0.00773854
0.01055853
0.01216432
0.01215838
0.01077872
0.00863697
0.00643240
0.00470116
0.00373220
0.00350979
0.00384668
0.00444045
0.00504518
0.00547334
0.00568387
0.00569261
0.00560108
0.00548235
0.00542069
0.00542764
0.00551520
0.00563901
0.00578278
0.00590319
0.00600250
0.00606443
0.00611215
0.00614348
0.00618232
0.00622280
0.00627721
0.00633388
0.00639608
0.00645484
0.00650917
0.00656044
0.00660151
0.00664955
0.00666650
0.00630624
0.00425409
0.00137975
-0.00037718
-0.00058074
0.00073643
0.00290821
0.00531373
0.00728279
0.00855063
0.00900134
0.00887428
0.00838887
0.00788421
0.00749240
0.00735408
0.00738967
0.00758116
0.00777392
0.00795594
0.00802741
0.00805237
0.00798944
0.00794034
0.00786335
0.00784938
0.00782331
0.00786143
0.00786175
0.00791202
0.00789392
0.00793280
0.00788155
0.00784786
0.00583261
0.00248658
0.00018803
-0.00041243
0.00072585
0.00296314
0.00556642
0.00781233
0.00929349
0.00989421
0.00977821
0.00924984
0.00861674
0.00812469
0.00786468
0.00785484
0.00798502
0.00818792
0.00833031
0.00842145
0.00838255
0.00832939
0.00823534
0.00962894
0.01243531
0.01617774
0.01994428
0.02311271
0.02679226
0.02925513
0.03022219
0.02953454
0.02777999
0.02690967
0.02753667
0.02952206
0.03070260
0.03024634
0.02960968
0.02959232
0.03026695
0.03138972
0.03378201
0.03869516
0.04581777
0.05366818
0.06060796
0.06542834
0.06649279
0.06245256
0.05524586
0.04871271
0.04405400
0.04010194
0.03722979
0.03698429
0.03950706
0.04374313
0.04825590
0.05183823
0.05260754
0.04886381
0.04105381
0.03235000
0.02665034
0.02564088
0.02876794
0.03424831
0.04001161
0.04438603
0.04651655
0.04637549
0.04456208
0.04192701
0.03927133
0.03711070
0.03563610
0.03474907
0.03420681
0.03372965
0.03312120
0.03228435
0.03124025
0.03006079
0.02885502
0.02766715
0.02581791
0.02173884
0.01578451
0.01071788
0.00846358
0.00915175
0.01195316
0.01555201
0.01875283
0.02071736
0.02121204
0.02038701
0.01833120
0.01333830
0.00334852
-0.01027674
-0.02117724
-0.02459729
-0.02055664
-0.01136039
-0.00046602
0.00910333
0.01534531
0.01775154
0.01690842
0.01413777
0.01079329
0.00795979
0.00613822
0.00537162
0.00531834
0.00555226
0.00567053
0.00546271
0.00487537
0.00400889
0.00301633
0.00204295
0.00119596
0.00048519
-0.00007776
-0.00060052
-0.00113384
-0.00362033
-0.00753377
-0.01038284
-0.01161598
-0.01104668
-0.00943042
-0.00734480
-0.00567517
-0.00464873
-0.00460389
-0.00520322
-0.00824220
-0.01272323
-0.01781805
-0.02225937
-0.02373399
-0.02385145
-0.02331334
-0.02303502
-0.02319849
-0.02251940
-0.02224149
-0.02400561
-0.02949846
-0.03928977
-0.05164156
-0.06396541
-0.07397726
-0.08029611
-0.08136246
-0.07648728
-0.06891193
-0.06124191
-0.05553611
-0.05239514
-0.04871217
-0.04218716
-0.03446858
-0.03009443
-0.03178495
-0.03904211
-0.04944377
-0.06006977
-0.06852239
-0.07348709
-0.07480191
-0.07108015
-0.06167295
-0.05069810
-0.04312709
-0.04115933
-0.04425257
-0.05045261
-0.05731290
-0.06398413
-0.06976858
-0.07286345
-0.07254715
-0.06949949
-0.06500978
-0.06039529
-0.05662524
-0.05414073
-0.05290132
-0.05253294
-0.05255247
-0.05256169
-0.05309636
-0.05576154
-0.06024284
-0.06365128
-0.06407988
-0.06223067
-0.06073898
-0.06058246
-0.06002311
-0.05775832
-0.05317611
-0.04607357
-0.03857553
-0.03300076
-0.03016903
-0.02993004
-0.03142525
-0.03357612
-0.03542750
-0.03639999
-0.03637774
-0.03564451
-0.03452554
-0.03321940
-0.03160158
-0.02810904
-0.02235594
-0.01705154
-0.01454155
-0.01507689
-0.01799956
-0.02196035
-0.02762374
-0.03349392
-0.03677677
-0.03703068
-0.03460855
-0.03078534
-0.02680479
-0.02377436
-0.02010360
-0.01441218
-0.00917785
-0.00697783
-0.00795534
-0.01138353
-0.01579363
-0.02134493
-0.02697607
-0.03046742
-0.03104603
-0.02906498
-0.02557195
-0.02171334
-0.01838548
-0.01456303
-0.00883085
-0.00306627
0.00013401
0.00000475
-0.00283746
-0.00697906
-0.01091037
-0.01361347
-0.01468204
-0.01428737
-0.01293715
-0.01125186
-0.00973641
-0.00867199
-0.00807575
-0.00678190
-0.00416997
-0.00165440
-0.00031790
-0.00042881
-0.00163298
-0.00339958
-0.00504776
-0.00548102
-0.00356475
0.00007996
0.00460513
0.00883833
0.01281158
0.01695144
0.02017887
0.02052528
0.01728534
0.01155967
0.00501130
-0.00005175
-0.00173040
-0.00015216
0.00436406
0.01083693
0.01618216
0.01976850
0.02287603
0.02710452
0.03152915
0.03233372
0.02821239
0.02020242
0.01066270
0.00176555
-0.00430338
-0.00534989
-0.00083550
0.00608209
0.01472967
0.02211855
0.02622212
0.02803715
0.02817848
0.02757410
0.02687492
0.02654864
0.02859759
0.03407660
0.03985428
0.04283168
0.04407326
0.04365524
0.04249911
0.04284470
0.04475821
0.04791058
0.05123493
0.05400618
0.05554181
0.05580792
0.05491980
0.05339529
0.05160955
0.04999986
0.04867962
0.04774375
0.04713910
0.04689632
0.04678239
0.04667063
0.04635759
0.04584056
0.04507477
0.04417906
0.04318080
0.04220587
0.04124912
0.04037972
0.03953988
0.03876026
0.03796844
0.03719859
0.03639320
0.03560382
0.03478623
0.03400065
0.03319960
0.03244304
0.03167021
0.03094511
0.03023196
0.03063614
0.03250842
0.03431423
0.03477863
0.03366780
0.03129261
0.02832795
0.02541923
0.02309047
0.02152771
0.02071267
0.02038533
0.02029036
0.02017624
0.02074687
0.02434244
0.03229819
0.04209059
0.04977499
0.05180405
0.04725222
0.03793453
0.02675776
0.01650252
0.00906782
0.00508202
0.00415345
0.00516123
0.00691224
0.00835700
0.00901108
0.00871165
0.00778927
0.00648402
0.00447086
-0.00124892
-0.01052175
-0.01994379
-0.02562322
-0.02532778
-0.02081757
-0.01774446
-0.02052360
-0.02878178
-0.04037646
-0.05025404
-0.05277057
-0.04591108
-0.03231229
-0.01603711
-0.00336377
-0.00008374
-0.00761558
-0.02242544
-0.03978375
-0.05295448
-0.05973666
-0.05967562
-0.05497405
-0.04992689
-0.04470287
-0.03717309
-0.03025393
-0.02824548
-0.02924157
-0.03243328
-0.03762041
-0.04345342
-0.04858874
-0.05212333
-0.05374604
-0.05367686
-0.05245481
-0.05069864
-0.04894329
-0.04747764
-0.04643436
-0.04568349
-0.04503571
-0.04137852
-0.03331407
-0.02487624
-0.01984587
-0.01956221
-0.02322317
-0.02907637
-0.03504203
-0.03968935
-0.04229458
-0.04287237
-0.04178243
-0.03965924
-0.03721839
-0.03502820
-0.03331434
-0.02963572
-0.02084315
-0.00844237
0.00228671
0.00672095
0.00394373
-0.00425013
-0.01470783
-0.02442352
-0.03123184
-0.03437879
-0.03420708
-0.03189807
-0.02874678
-0.02589617
-0.02388218
-0.02180079
-0.01788790
-0.01297377
-0.00941336
-0.00849771
-0.00896992
-0.00963889
-0.01097699
-0.01322749
-0.01591887
-0.01849046
-0.02043858
-0.02153742
-0.02171903
-0.02040136
-0.01611619
-0.00880331
-0.00068439
0.00481143
0.00584468
0.00285683
-0.00255638
-0.00844703
-0.01320673
-0.01595169
-0.01657221
-0.01556674
-0.01369911
-0.01172508
-0.01014822
-0.00918669
-0.00877364
-0.00876238
-0.00901219
-0.00936782
-0.00962755
-0.00968455
-0.00948712
-0.00908179
-0.00852649
-0.00791579
-0.00730056
-0.00673277
-0.00620904
-0.00573381
-0.00527413
-0.00482562
-0.00436213
-0.00389415
-0.00341045
-0.00293208
-0.00245191
-0.00198940
-0.00153177
-0.00109338
-0.00065552
-0.00020061
0.00041767
0.00124996
0.00222350
0.00320465
0.00408892
0.00479621
0.00532127
0.00568425
0.00595237
0.00617595
0.00641219
0.00667638
0.00698242
0.00730935
0.00764935
0.00797723
0.00829230
0.00858329
0.00886164
0.00912533
0.00938819
0.00964722
0.00991051
0.01017149
0.01043326
0.01068977
0.01094170
0.01118223
0.01127731
0.01112589
0.01080924
0.01044428
0.01015940
0.01003109
0.01008539
0.01029804
0.01061642
0.01111674
0.01184379
0.01269459
0.01353757
0.01426478
0.01480519
0.01516356
0.01535741
0.01547104
0.01552781
0.01568059
0.01739480
0.02359019
0.03211454
0.03945660
0.04352612
0.04247877
0.03717499
0.02944014
0.02311149
0.01977092
0.01849079
0.01825945
0.01831387
0.01812379
0.01753808
0.01661537
0.01563602
0.01481441
0.01435684
0.01425447
0.01448003
0.01484615
0.01526943
0.01558554
0.01582075
0.01589706
0.01595232
0.01602865
0.01916176
0.02673180
0.03469970
0.03910938
0.03862300
0.03404215
0.02721929
0.02028220
0.01483994
0.01173895
0.01096245
0.01327583
0.01778545
0.02175625
0.02523097
0.02782095
0.02968346
0.03373915
0.04172899
0.05271713
0.06441408
0.07321446
0.07593878
0.07228620
0.06305857
0.04957289
0.03445474
0.02070800
0.01042404
0.00448165
0.00356928
0.00918135
0.02025065
0.03372802
0.04750287
0.05969542
0.06874998
0.07403124
0.07473898
0.07026825
0.06067388
0.04669043
0.03070206
0.01568588
0.00400374
-0.00207464
-0.00004782
0.00935949
0.02173051
0.03385498
0.04361266
0.04980157
0.05340668
0.05566334
0.05726923
0.05852139
0.05725458
0.05130926
0.04115499
0.02786544
0.01360558
0.00085067
-0.00743687
-0.00799682
-0.00078686
0.01008067
0.02160418
0.03265083
0.04221401
0.04930407
0.05365164
0.05546586
0.05540754
0.05317665
0.04705148
0.03559053
0.02013335
0.00454090
-0.00648877
-0.01064425
-0.00849114
-0.00150541
0.00925394
0.02106488
0.03036027
0.03639809
0.03847137
0.03381971
0.02240197
0.00724072
-0.00797031
-0.02021978
-0.02720247
-0.02798480
-0.02477695
-0.02005092
-0.01480845
-0.01118798
-0.01058859
-0.01270158
-0.01633770
-0.01940362
-0.01846556
-0.01171586
-0.00166574
0.00799611
0.01495818
0.01746953
0.01499706
0.00980029
0.00421391
-0.00112785
-0.00512938
-0.00760644
-0.00857125
-0.00927507
-0.01066929
-0.01156420
-0.01226751
-0.01389819
-0.01618639
-0.01844788
-0.01868816
-0.01711198
-0.01409670
-0.01104266
-0.00964912
-0.00870067
-0.00821952
-0.00776252
-0.00770561
-0.00927258
-0.01197893
-0.01451990
-0.01245693
-0.00364388
0.00957197
0.02160795
0.02657883
0.02261000
0.01177991
-0.00213734
-0.01484534
-0.02236060
-0.02429744
-0.02230177
-0.01461392
-0.00174092
0.01117984
0.01836140
0.01895709
0.01390247
0.00601495
-0.00251434
-0.01080088
-0.01749853
-0.02202329
-0.02431941
-0.02487092
-0.02435416
-0.02339887
-0.02251433
-0.02187355
-0.02152709
-0.01952347
-0.01450810
-0.00735120
-0.00135913
0.00058294
-0.00157686
-0.00669737
-0.01285195
-0.01830519
-0.02007316
-0.01467824
-0.00399131
0.00546746
0.00951392
0.00923631
0.00936345
0.01094265
0.01079920
0.00725534
0.00086715
-0.00681844
-0.01416520
-0.01980710
-0.02312771
-0.02240474
-0.01871287
-0.01503040
-0.00968414
-0.00040226
0.01068329
0.02127788
0.02939294
0.03119712
0.02527204
0.01345071
-0.00065251
-0.01361903
-0.02296067
-0.02781119
-0.02714116
-0.02094373
-0.01123447
0.00070853
0.01403415
0.02526683
0.03272868
0.03737084
0.04003548
0.04146206
0.04215433
0.04245354
0.04241339
0.03983664
0.03157174
0.01786362
0.00152096
-0.01180332
-0.01748003
-0.01478284
-0.00487510
0.00796410
0.01926197
0.02638349
0.02862851
0.02797503
0.02659489
0.02594722
0.02537702
0.02422148
0.02229884
0.01757405
0.00845620
-0.00328339
-0.01279151
-0.01541803
-0.01026419
0.00040203
0.01301061
0.02422794
0.03181940
0.03510659
0.03465250
0.03186498
0.02824006
0.02500536
0.02195254
0.01680642
0.00792848
-0.00322751
-0.01396940
-0.02046335
-0.02122818
-0.01705531
-0.01016336
-0.00216451
0.00581243
0.01229721
0.01654842
0.01847332
0.01849999
0.01699625
0.01334185
0.00854173
0.00272703
-0.00610938
-0.01743313
-0.02729226
-0.03076906
-0.02644572
-0.01630502
-0.00377729
0.00776339
0.01597999
0.01995779
0.01972385
0.01470672
0.00513692
-0.00820862
-0.02377946
-0.03863060
-0.05050849
-0.05630705
-0.05476464
-0.04766129
-0.03602211
-0.02142544
-0.00889110
-0.00230595
-0.00211649
-0.00856213
-0.02039038
-0.03414984
-0.04662533
-0.05549515
-0.06004888
-0.06069314
-0.05878777
-0.05572709
-0.05284327
-0.05073228
-0.04964912
-0.04753732
-0.04456344
-0.04256259
-0.04184265
-0.04238735
-0.04362486
-0.04505687
-0.04611806
-0.04658925
-0.04635487
-0.04561866
-0.04454526
-0.04344827
-0.04241176
-0.04156216
-0.03942731
-0.03605087
-0.03324870
-0.03187501
-0.03205622
-0.03331299
-0.03501138
-0.03649466
-0.03736243
-0.03745494
-0.03688962
-0.03590221
-0.03478460
-0.03374891
-0.03292101
-0.03230904
-0.03185846
-0.03143692
-0.02985544
-0.02440540
-0.01361472
-0.00011496
0.01033770
0.01335845
0.00847375
-0.00186102
-0.01407701
-0.02486189
-0.03211562
-0.03519584
-0.03472736
-0.03101998
-0.02515252
-0.01986779
-0.01696205
-0.01674607
-0.01747203
-0.01764290
-0.01773258
-0.01824839
-0.01918428
-0.02034559
-0.02147793
-0.02235360
-0.02282897
-0.02287004
-0.02253988
-0.02196431
-0.02128184
-0.02061016
-0.01998950
-0.01868046
-0.01428756
-0.00470056
0.00925993
0.02390782
0.03372423
0.03449164
0.02627263
0.01237737
-0.00285989
-0.01570023
-0.02394900
-0.02715825
-0.02552874
-0.01906983
-0.00916694
0.00080473
0.00684532
0.00710758
0.00254714
-0.00466449
-0.01203934
-0.01773423
-0.02080503
-0.02133424
-0.02001451
-0.01786173
-0.01572907
-0.01420567
-0.01341962
-0.01287495
-0.01059836
-0.00584123
-0.00078100
0.00392990
0.00833400
0.01019477
0.00833885
0.00353458
-0.00259738
-0.00842064
-0.01270411
-0.01496429
-0.01530760
-0.01434686
-0.01280054
-0.01146879
-0.01074373
-0.01027108
-0.00799521
-0.00271504
0.00463874
0.01251124
0.01751404
0.01735348
0.01266401
0.00525354
-0.00436466
-0.01393986
-0.01981912
-0.02146616
-0.01562132
-0.00506216
0.00400680
0.01082798
0.01598235
0.02149502
0.02712443
0.02889516
0.02537379
0.01755644
0.00795046
-0.00126200
-0.00807122
-0.01193746
-0.01101605
-0.00686464
-0.00085193
0.00481555
0.00737185
0.00655998
0.00472810
0.00474136
0.00887997
0.01655013
0.02445537
0.02880293
0.02694876
0.01958236
0.00922163
-0.00108044
-0.00898178
-0.01338064
-0.01290560
-0.00859227
-0.00219697
0.00415508
0.00908844
0.01333957
0.01849092
0.02466817
0.03112659
0.03845536
0.04414840
0.04447691
0.03756941
0.02537572
0.01104925
-0.00044900
-0.00559639
-0.00389583
0.00266225
0.01278410
0.02387307
0.03101347
0.03210749
0.02768071
0.01864462
0.00741823
-0.00334619
-0.01152275
-0.01627377
-0.01768529
-0.01570685
-0.01104871
-0.00643463
-0.00367966
-0.00338577
-0.00498442
-0.00759027
-0.00897597
-0.00804681
-0.00608320
-0.00343131
-0.00016152
0.00305238
0.00689868
0.01028222
0.01226726
0.01279853
0.01184873
0.01015668
0.00758824
0.00438541
0.00223117
0.00134240
0.00252172
0.00528351
0.00714108
0.00640745
0.00328787
-0.00132777
-0.00603307
-0.00914508
-0.00906281
-0.00634980
-0.00197234
0.00180950
0.00317687
0.00190498
-0.00119588
-0.00501439
-0.00833096
-0.00978505
-0.00745838
-0.00128883
0.00663618
0.01235526
0.01322900
0.00802958
-0.00073244
-0.00918273
-0.01496114
-0.01678705
-0.01358347
-0.00748562
-0.00150720
0.00472560
0.01293219
0.02158251
0.02772438
0.02880212
0.02401391
0.01528764
0.00522226
-0.00365042
-0.00978662
-0.01267828
-0.01281237
-0.01120341
-0.00897546
-0.00703350
-0.00582306
-0.00538738
-0.00371017
0.00083221
0.00752772
0.01498417
0.01983711
0.01971910
0.01520251
0.00799587
0.00043908
-0.00571461
-0.00749392
-0.00540092
-0.00243749
-0.00010504
0.00069369
0.00192178
0.00538328
0.00886679
0.00996349
0.00841926
0.00486161
0.00050392
-0.00354131
-0.00643050
-0.00787317
-0.00798423
-0.00721614
-0.00607433
-0.00494131
-0.00233580
0.00297990
0.00821882
0.01073966
0.00813823
0.00162485
-0.00501935
-0.00991433
-0.01191288
-0.01134035
-0.00888619
-0.00587002
-0.00309809
-0.00130809
0.00126308
0.00419810
0.00573026
0.00562056
0.00415375
0.00206181
0.00190606
0.00557143
0.01028458
0.01299485
0.01282354
0.01006242
0.00586364
0.00146986
-0.00198209
-0.00402338
-0.00450967
-0.00389955
-0.00075226
0.00382774
0.00901051
0.01549993
0.02384442
0.03279135
0.03714488
0.03681258
0.03216798
0.02367917
0.01356155
0.00416156
-0.00290121
-0.00687473
-0.00801822
-0.00533456
0.00130437
0.00835543
0.01413883
0.02112578
0.02824331
0.03142987
0.02867001
0.02306036
0.01640945
0.01103699
0.00770266
0.00478441
0.00218455
-0.00035035
-0.00062923
0.00277903
0.00904129
0.01649930
0.02337828
0.02844920
0.03119034
0.03350504
0.03550047
0.03376329
0.02711689
0.01697808
0.00583136
-0.00404464
-0.01104570
-0.01464580
-0.01326161
-0.00475414
0.00990365
0.02519541
0.03584796
0.04010276
0.03663816
0.02806374
0.01915715
0.01260683
0.00971981
0.00833679
0.00603744
0.00225276
-0.00269258
-0.00788644
-0.01240072
-0.01552505
-0.01704983
-0.01713555
-0.01629492
-0.01503832
-0.01388528
-0.01303703
-0.01265246
-0.01259579
-0.01451808
-0.01770553
-0.01979498
-0.02019081
-0.01882558
-0.01639448
-0.01358697
-0.01116875
-0.00948725
-0.00869947
-0.00858340
-0.00888979
-0.00925896
-0.00951151
-0.00950101
-0.00927976
-0.00888979
-0.00847310
-0.00807830
-0.00778650
-0.00756827
-0.00743112
-0.00730750
-0.00719276
-0.00704069
-0.00686778
-0.00667923
-0.00691422
-0.00893846
-0.01191616
-0.01404795
-0.01626066
-0.01801865
-0.01945109
-0.01987579
-0.01814647
-0.01473879
-0.01047105
-0.00638585
-0.00317038
-0.00121170
-0.00042580
-0.00052709
-0.00104912
-0.00163695
-0.00199255
-0.00208294
-0.00227576
-0.00401429
-0.00654357
-0.00802250
-0.00807385
-0.00714439
-0.00767154
-0.01112944
-0.01693318
-0.02366658
-0.02979142
-0.03416964
-0.03611597
-0.03620983
-0.03486083
-0.03282227
-0.03074926
-0.02826420
-0.02384255
-0.01774850
-0.01206064
-0.00762643
-0.00494910
-0.00312522
-0.00090417
0.00182809
0.00416620
0.00476784
0.00443765
0.00374674
0.00145688
-0.00284991
-0.00836948
-0.01403965
-0.01885024
-0.02212520
-0.02362969
-0.02280936
-0.01844869
-0.01072173
-0.00143287
0.00665671
0.01027783
0.00831786
0.00214718
-0.00589728
-0.01413316
-0.02176840
-0.02693028
-0.02829513
-0.02557659
-0.01833058
-0.00844538
-0.00004481
0.00490456
0.00785701
0.01038815
0.01310303
0.01608358
0.01907225
0.02167691
0.02356963
0.02459363
0.02481504
0.02441948
0.02297963
0.01918054
0.01279604
0.00500783
-0.00188591
-0.00482084
-0.00264969
0.00343278
0.01128848
0.01871355
0.02416585
0.02699658
0.02743440
0.02623921
0.02436656
0.02260368
0.02143244
0.02095841
0.02104253
0.02136642
0.02094927
0.01798621
0.01198661
0.00491758
0.00019404
-0.00024899
0.00320641
0.00904732
0.01534655
0.02055604
0.02444891
0.02778271
0.03056589
0.03304959
0.03431423
0.03325629
0.03033070
0.02629164
0.02183090
0.01592061
0.00831902
0.00048210
-0.00457361
-0.00492018
-0.00117935
0.00499093
0.01153878
0.01686968
0.02007612
0.02109857
0.02043405
0.01888963
0.01721544
0.01592481
0.01481528
0.01216543
0.00739059
0.00308716
0.00133365
0.00242742
0.00561996
0.00974612
0.01398822
0.01926756
0.02646053
0.03610946
0.04708214
0.05397661
0.05328895
0.04583242
0.03407768
0.01980854
0.00523363
-0.00534840
-0.00951058
-0.00774649
-0.00217881
0.00463863
0.01049094
0.01417504
0.01577350
0.01753434
0.02110747
0.02590639
0.02928036
0.02921634
0.02600087
0.02070871
0.01494834
0.01008857
0.00694073
0.00560154
0.00570682
0.00658325
0.00761203
0.00831243
0.00863160
0.00854876
0.00822245
0.00790556
0.00770936
0.00764987
0.00767580
0.00770366
0.00766812
0.00752926
0.00741520
0.00744202
0.00770385
0.00821977
0.00882678
0.00936372
0.00968476
0.00986146
0.00986749
0.00974403
0.00962818
0.00953003
0.00944119
0.00931674
0.00913168
0.00886372
0.00852226
0.00812192
0.00769435
0.00726117
0.00684429
0.00644854
0.00607661
0.00571944
0.00537195
0.00502527
0.00467818
0.00432828
0.00397908
0.00363183
0.00329001
0.00295467
0.00262590
0.00230056
0.00188688
0.00138505
0.00092368
0.00046229
-0.00007358
-0.00068063
-0.00120840
-0.00150892
-0.00157089
-0.00147212
-0.00132671
-0.00132635
-0.00162227
-0.00210259
-0.00265261
-0.00317432
-0.00351088
-0.00369946
-0.00388026
-0.00415757
-0.00452424
-0.00486080
-0.00410657
-0.00100539
0.00427118
0.00962102
0.01240260
0.01162637
0.00787412
0.00256575
-0.00271550
-0.00667760
-0.00878674
-0.00914090
-0.00833964
-0.00698936
-0.00565091
-0.00466378
-0.00508340
-0.00711499
-0.01011024
-0.01319133
-0.01475232
-0.01400235
-0.01125691
-0.00733013
-0.00324102
-0.00102750
-0.00373296
-0.01197809
-0.02294770
-0.03232368
-0.03712101
-0.03686873
-0.03213651
-0.02419729
-0.01593951
-0.00946599
-0.00432011
0.00014159
0.00406727
0.00684337
0.00711553
0.00450178
-0.00057620
-0.00806271
-0.01693546
-0.02483110
-0.02897464
-0.02835806
-0.02395920
-0.01757139
-0.01113115
-0.00609343
-0.00260482
0.00019851
0.00196343
0.00211381
0.00100489
-0.00074823
-0.00246611
-0.00380512
-0.00484650
-0.00680111
-0.01037025
-0.01498257
-0.01944353
-0.02152264
-0.02002490
-0.01559577
-0.00972193
-0.00399853
0.00070356
0.00470591
0.00746112
0.00802153
0.00651978
0.00236004
-0.00417333
-0.01168730
-0.01857702
-0.02346902
-0.02458606
-0.02159764
-0.01584934
-0.00927298
-0.00353507
0.00027434
0.00193211
0.00174413
0.00049215
-0.00114403
-0.00253986
-0.00468662
-0.00833820
-0.01303182
-0.01785966
-0.02205852
-0.02380032
-0.02199996
-0.01746790
-0.01170528
-0.00615392
-0.00185371
0.00188075
0.00589790
0.00997556
0.01251864
0.01210068
0.00791666
0.00013237
-0.00921629
-0.01814018
-0.02490266
-0.02883657
-0.02883467
-0.02490648
-0.01861758
-0.01190447
-0.00626132
-0.00258464
-0.00098569
-0.00108091
-0.00223381
-0.00464468
-0.00860529
-0.01347171
-0.01831449
-0.02226786
-0.02487344
-0.02601726
-0.02595563
-0.02423076
-0.02050569
-0.01546689
-0.01022260
-0.00578196
-0.00358328
-0.00373052
-0.00480956
-0.00579539
-0.00600586
-0.00541356
-0.00428097
-0.00375455
-0.00438790
-0.00547991
-0.00625771
-0.00646476
-0.00608290
-0.00596119
-0.00717328
-0.00991054
-0.01293818
-0.01519033
-0.01678537
-0.01798320
-0.01884623
-0.01941957
-0.01972971
-0.01981589
-0.01970484
-0.01944068
-0.01905830
-0.01860760
-0.01812135
-0.01763649
-0.01716552
-0.01672152
-0.01629731
-0.01587672
-0.01506151
-0.01302227
-0.00959999
-0.00584289
-0.00340500
-0.00320188
-0.00502041
-0.00844584
-0.01323497
-0.01832836
-0.02174331
-0.02245788
-0.02071855
-0.01745895
-0.01379519
-0.01065483
-0.00855907
-0.00757608
-0.00727042
-0.00640547
-0.00421801
-0.00118781
0.00119701
0.00159543
-0.00080762
-0.00586879
-0.01192427
-0.01662074
-0.01828088
-0.01701956
-0.01364570
-0.00936486
-0.00446619
0.00058428
0.00513247
0.00856422
0.01056797
0.01038878
0.00806623
0.00439745
0.00052720
-0.00356117
-0.00702544
-0.00878145
-0.00875204
-0.00739604
-0.00456187
-0.00118051
0.00127172
0.00237574
0.00299148
0.00417529
0.00598316
0.00818532
0.00952805
0.00907363
0.00703591
0.00328871
-0.00183437
-0.00720760
-0.01099324
-0.01196141
-0.01036990
-0.00713832
-0.00344282
-0.00024601
0.00244369
0.00448456
0.00534661
0.00513673
0.00474068
0.00517598
0.00657200
0.00862762
0.01024720
0.01047813
0.00921843
0.00695646
0.00440212
0.00219846
0.00075688
0.00016804
0.00030779
0.00088092
0.00211970
0.00375724
0.00547842
0.00693177
0.00742339
0.00694083
0.00574727
0.00475539
0.00482366
0.00611133
0.00813093
0.00994949
0.01055457
0.00970123
0.00739249
0.00384236
0.00007228
-0.00254466
-0.00340004
-0.00230664
0.00054092
0.00408487
0.00689941
0.00854843
0.00940715
0.00989179
0.01022713
0.01025879
0.00960235
0.00827139
0.00655759
0.00485849
0.00346666
0.00232961
0.00123434
0.00050612
0.00040721
0.00088308
0.00189293
0.00341816
0.00509281
0.00679799
0.00848683
0.00995258
0.01102763
0.01145970
0.01089751
0.00955160
0.00823621
0.00736498
0.00667296
0.00592541
0.00510904
0.00429513
0.00358575
0.00322594
0.00358065
0.00453599
0.00558120
0.00657259
0.00748711
0.00821619
0.00869814
0.00891564
0.00883817
0.00821996
0.00699606
0.00545091
0.00391802
0.00268951
0.00190917
0.00159242
0.00163454
0.00188742
0.00220131
0.00253561
0.00310797
0.00404654
0.00519964
0.00636328
0.00731087
0.00792127
0.00815220
0.00807244
0.00777755
0.00737917
0.00695537
0.00658521
0.00628996
0.00608022
0.00592158
0.00574342
0.00529230
0.00451632
0.00378051
0.00340440
0.00341989
0.00369401
0.00389133
0.00396557
0.00403485
0.00410294
0.00417322
0.00402473
0.00370573
0.00327935
0.00284677
0.00268450
0.00257288
0.00253373
0.00247064
0.00240799
0.00231213
0.00204685
0.00183075
0.00169443
0.00151047
0.00147214
0.00153653
0.00153000
0.00142144
0.00123390
0.00101822
0.00083315
0.00071003
0.00067172
0.00070291
0.00093485
0.00128398
0.00153819
0.00164011
0.00159203
0.00157357
0.00161556
0.00160714
0.00167740
0.00178429
0.00192867
0.00205592
0.00215396
0.00230922
0.00240630
0.00233875
0.00210444
0.00177598
0.00151977
0.00140540
0.00143781
0.00164676
0.00196047
0.00229123
0.00247745
0.00241384
0.00212493
0.00171587
0.00130379
0.00098236
0.00079568
0.00074260
0.00078710
0.00088043
0.00097818
0.00105052
0.00108812
0.00109548
0.00114264
0.00123762
0.00131084
0.00133420
0.00130279
0.00123630
0.00115562
0.00108324
0.00098682
0.00083291
0.00068290
0.00061567
0.00068177
0.00090190
0.00122355
0.00153081
0.00170522
0.00173672
0.00169094
0.00162800
0.00157966
0.00155795
0.00155575
0.00153652
0.00145515
0.00133099
0.00119981
0.00108937
0.00103529
0.00102390
0.00102732
0.00104708
0.00107847
0.00110831
0.00112417
0.00111988
0.00109467
0.00105301
0.00100104
0.00094438
0.00088629
0.00083008
0.00077873
0.00073376
0.00069305
0.00065451
0.00061666
0.00057910
0.00054175
0.00050517
0.00046969
0.00043572
0.00040326
0.00037226
0.00034240
0.00031349
0.00028527
0.00025768
0.00023065
0.00020425
0.00017852
0.00015353
0.00012928
0.00010577
0.00008298
0.00006119
0.00004103
0.00002247
0.00000474
-0.00001680
-0.00005019
-0.00009258
-0.00013258
-0.00017106
-0.00021165
-0.00024720
-0.00027043
-0.00027920
-0.00027053
-0.00024786
-0.00022143
-0.00020405
-0.00019845
-0.00019981
-0.00020127
-0.00019960
-0.00020112
-0.00021129
-0.00023416
-0.00027170
-0.00031836
-0.00036368
-0.00039647
-0.00041069
-0.00040601
-0.00038813
-0.00036884
-0.00035693
-0.00035524
-0.00036195
-0.00037154
-0.00037941
-0.00038433
-0.00038717
-0.00039122
-0.00039978
-0.00041293
-0.00042811
-0.00044240
-0.00045331
-0.00045894
-0.00045928
-0.00045647
-0.00045296
-0.00045077
-0.00045091
-0.00045350
-0.00045790
-0.00046326
-0.00046877
-0.00047389
-0.00047840
-0.00048236
-0.00048594
-0.00048936
-0.00049277
-0.00049623
-0.00049972
-0.00050321
-0.00050661
-0.00050988
-0.00051299
-0.00051593
-0.00051871
-0.00052134
-0.00052384
-0.00052612
-0.00052824
-0.00053024
-0.00053209
-0.00053390
-0.00053563
-0.00053728
-0.00053881
-0.00054018
-0.00054134
-0.00054226
-0.00054296
-0.00054343
-0.00054371
-0.00054381
-0.00054375
-0.00054351
-0.00054311
-0.00054254
-0.00054179
-0.00054088
-0.00053979
-0.00053852
-0.00053707
-0.00053543
-0.00053361
-0.00053161
-0.00052942
-0.00052706
-0.00052451
-0.00052179
