0.00029289
0.00029062
0.00029180
0.00028824
0.00028065
0.00027396
0.00028112
0.00028958
0.00032422
0.00036435
0.00039882
0.00044255
0.00042213
0.00041443
0.00033598
0.00026462
0.00021861
0.00015385
0.00025300
0.00027917
0.00034360
0.00043915
0.00039412
0.00044720
0.00048261
0.00048458
0.00051860
0.00052779
0.00054430
0.00056018
0.00057637
0.00058582
0.00062099
0.00059753
0.00052710
0.00041266
0.00012780
-0.00013977
-0.00052602
-0.00091371
-0.00128293
-0.00164149
-0.00186906
-0.00203368
-0.00191339
-0.00181101
-0.00143291
-0.00115487
-0.00103642
-0.00085582
-0.00108563
-0.00124645
-0.00162321
-0.00203166
-0.00243813
-0.00309021
-0.00274130
-0.00387975
-0.00743306
-0.00931203
-0.01266490
-0.01503851
-0.01377734
-0.01472842
-0.01468197
-0.01387652
-0.01489683
-0.01344849
-0.01089484
-0.00839434
-0.00175348
0.00274308
0.00355470
0.00837279
0.01687487
0.02020964
0.01856697
0.02091920
0.02198779
0.02135007
0.02293609
0.02223743
0.01941949
0.01589648
0.01816260
0.01040227
-0.02368057
-0.03553145
-0.03073947
-0.04324805
-0.05164596
-0.04983694
-0.04870741
-0.03995673
0.00162838
0.01785353
0.00750218
0.02212885
0.02907394
0.02855791
0.02963113
0.02636787
0.02026009
0.01289430
0.00346651
-0.00706518
-0.01850610
-0.03008944
-0.04113409
-0.05151156
-0.05992218
-0.06643115
-0.07151918
-0.07106471
-0.06348554
-0.05371451
-0.03151826
-0.01335119
0.00787131
0.02666392
0.03371516
0.04332373
0.03963525
0.03811017
0.03357167
0.02670227
0.02664758
0.02130950
0.01286584
0.01134964
0.01901388
0.01966746
0.02581551
0.02707904
0.01584128
0.01032524
-0.00738402
-0.01817560
-0.02508637
-0.03089345
-0.01514934
-0.01036332
-0.00182143
0.00858913
0.00454861
0.01065907
0.01714568
0.01923825
0.02469345
0.02883378
0.02746914
0.03132956
0.05120521
0.05296297
0.03638409
0.03408588
0.02844086
0.01457156
0.00450266
-0.01252236
-0.04759745
-0.06628182
-0.07756985
-0.09125962
-0.08433411
-0.08206133
-0.07505187
-0.06169205
-0.04804305
-0.03133723
-0.01399493
0.00329041
0.01945261
0.03446206
0.04619084
0.05473466
0.06144403
0.06221454
0.04200712
0.03666824
0.04436850
0.03657763
0.03910045
0.03362293
0.01642706
0.00347355
-0.02979278
-0.04861276
-0.05944954
-0.07119124
-0.05943804
-0.05276379
-0.03454137
-0.01581075
0.00234122
0.02038421
0.02536790
0.03606665
0.03790937
0.04111795
0.04951788
0.05244816
0.05859387
0.05596873
0.07044152
0.05667325
-0.04078052
-0.06632944
-0.03942052
-0.06842927
-0.07936212
-0.07791938
-0.09235080
-0.08457386
-0.05828712
-0.04154498
0.00221767
0.02572167
0.01114008
0.02548091
0.03269077
0.03150110
0.03830129
0.03813298
0.04001627
0.03788879
0.03128395
0.02377623
0.00713702
-0.00547607
-0.02027826
-0.03302860
-0.03700506
-0.04308882
-0.04502963
-0.04115165
-0.03156689
-0.02032730
0.00400554
0.02051861
0.02431930
0.03943949
0.05843363
0.06598031
0.06204986
0.06567941
0.06708583
0.06531272
0.06543199
0.06530506
0.06950230
0.07048350
0.07484481
0.07433403
0.06701338
0.06018857
0.04493034
0.02972417
0.01040812
-0.00911781
-0.02847961
-0.04677972
-0.06116735
-0.07339702
-0.07852400
-0.08246555
-0.07781706
-0.07522623
-0.07264670
-0.06804705
-0.06922198
-0.06681237
-0.06523442
-0.06462758
-0.06334871
-0.06153182
-0.06353720
-0.05749300
-0.04317197
-0.03064462
-0.00058716
0.01718972
0.02542037
0.03943586
0.03646905
0.03865930
0.04379394
0.03939005
0.03135378
0.02606636
0.01820454
0.01231070
0.01498878
0.01187822
0.01162449
0.00980148
0.00360210
-0.00227623
-0.01634597
-0.02656867
-0.03896706
-0.04843093
-0.05409230
-0.05453689
-0.04264020
-0.02962871
-0.00052540
0.02313608
0.04978487
0.07286566
0.08109042
0.09147010
0.08542065
0.08049084
0.07020540
0.05752408
0.04608408
0.03448930
0.03003495
0.02431405
0.02556325
0.02557294
0.02682254
0.03206314
0.02595920
0.03444732
0.07527365
0.08681980
0.07870684
0.08978762
0.09824526
0.09164548
0.07507588
0.05910203
0.02106168
-0.00234517
-0.01311665
-0.03081414
-0.02530877
-0.02751637
-0.02820292
-0.02371165
-0.02378672
-0.02213047
-0.02711456
-0.02780879
-0.03291882
-0.03142421
-0.02018300
-0.01028736
0.01438961
0.03330125
0.05509711
0.07366422
0.08043857
0.08801774
0.08176527
0.07529868
0.06250313
0.04705438
0.03006987
0.01300598
-0.00137723
-0.01452466
-0.01925581
-0.02561976
-0.02624133
-0.02666372
-0.02872178
-0.02797528
-0.02876537
-0.02500666
-0.03235456
-0.02398348
0.03121857
0.04316551
0.02247637
0.03308854
0.02610895
0.01880956
0.01983429
0.01566601
0.01948264
0.02168568
0.02872682
0.03543074
0.04238854
0.04449503
0.05519902
0.04829915
-0.01900336
-0.03410304
-0.00813469
-0.02484784
-0.02049419
-0.01957608
-0.03809403
-0.04524657
-0.07002619
-0.08333071
-0.09303050
-0.09689193
-0.07717652
-0.05953935
-0.01764718
0.01711398
0.05533807
0.09042150
0.09895947
0.11976485
0.12784633
0.13435146
0.14542194
0.14703784
0.15933088
0.15389130
0.13241268
0.11188297
0.06391903
0.02659369
-0.01592209
-0.05301181
-0.06576760
-0.08519644
-0.08010438
-0.07866870
-0.08582912
-0.07089922
-0.05107706
-0.02852642
0.02278494
0.05166069
0.06711791
0.08736670
0.07597958
0.07229837
0.06071106
0.04225857
0.02467811
0.00498323
-0.01123485
-0.02468013
-0.03302295
-0.03735621
-0.01471258
-0.01304024
-0.02987835
-0.02988138
-0.04676216
-0.05643087
-0.06084526
-0.06524371
-0.05493445
-0.04654360
-0.02623871
-0.00871487
0.01008044
0.02806711
0.03166840
0.04201761
0.05477300
0.05543514
0.04581729
0.03800705
0.02708712
0.00927411
-0.02392254
-0.04504133
-0.05224513
-0.07093636
-0.08821753
-0.09629013
-0.09358083
-0.09635309
-0.09803498
-0.09565181
-0.09631415
-0.09477010
-0.09365086
-0.09245514
-0.09120735
-0.09082593
-0.08798606
-0.08887321
-0.09892738
-0.10161831
-0.09847694
-0.10312059
-0.10785928
-0.11189790
-0.11958564
-0.12664172
-0.13508040
-0.14395781
-0.15304491
-0.16207045
-0.17050287
-0.17834924
-0.18486245
-0.19032463
-0.19383148
-0.19642998
-0.19514930
-0.19579691
-0.19644512
-0.19736194
-0.20343036
-0.20609829
-0.21047353
-0.21489720
-0.21079440
-0.21438258
-0.23201673
-0.23411958
-0.22490293
-0.22574448
-0.22179102
-0.21598293
-0.21237256
-0.20674812
-0.20185423
-0.19751653
-0.19244061
-0.19063199
-0.19284403
-0.19439514
-0.20305903
-0.20730713
-0.20635862
-0.21013650
-0.20843525
-0.20977728
-0.21615044
-0.21797480
-0.22241260
-0.22472534
-0.22322791
-0.22231371
-0.21701015
-0.21184382
-0.20522647
-0.19761844
-0.18980477
-0.18191663
-0.17456369
-0.16851666
-0.16138894
-0.16083295
-0.16566468
-0.17488134
-0.19787595
-0.21957717
-0.24997376
-0.27988804
-0.30963480
-0.33753905
-0.35825887
-0.37654485
-0.37724312
-0.38521460
-0.38986228
-0.39247572
-0.41046303
-0.41428733
-0.41399672
-0.41627314
-0.40676386
-0.40148451
-0.39698617
-0.38722261
-0.38447598
-0.37012932
-0.35150833
-0.32452433
-0.27819485
-0.23002486
-0.16597163
-0.09648266
-0.01847914
0.06423768
0.15038182
0.23771785
0.32359399
0.40686678
0.48391777
0.55501941
0.61551595
0.66732053
0.70507915
0.73443239
0.74029295
0.75166897
0.75884532
0.76128521
0.78351254
0.78934283
0.78431978
0.79117122
0.81318262
0.81160447
0.78917734
0.77947836
0.75587670
0.73241227
0.71109914
0.68793944
0.67628896
0.65770227
0.64413056
0.62763463
0.60180499
0.58155539
0.55555421
0.53229361
0.51125493
0.49076518
0.48097539
0.46673770
0.44787050
0.43998579
0.43901509
0.43573366
0.43973555
0.44254071
0.44549520
0.44816716
0.44467182
0.44332978
0.43696470
0.43133017
0.42655938
0.42032548
0.41314710
0.40816644
0.41367181
0.40862656
0.39511136
0.38836082
0.37400810
0.36190557
0.35604299
0.34306662
0.33221127
0.31850637
0.29534465
0.27832603
0.25792104
0.24078133
0.23106822
0.22120981
0.22071941
0.22057209
0.22533077
0.23153844
0.23925161
0.24708587
0.25304531
0.25595944
0.25924289
0.25370321
0.21936527
0.20430420
0.20602564
0.18326149
0.16017303
0.13702908
0.10244735
0.06729228
0.02600824
-0.01938355
-0.06882684
-0.12162312
-0.17733474
-0.23534053
-0.29500965
-0.35578064
-0.41690077
-0.47792402
-0.53796850
-0.59669718
-0.65315752
-0.70719210
-0.75772932
-0.80478935
-0.84727234
-0.88550319
-0.91822867
-0.94552749
-0.96699400
-0.98322355
-0.99301133
-0.99076316
-1.00000000
-0.97524601
-0.87592328
-0.82170505
-0.81033509
-0.72068510
-0.60198863
-0.49256533
-0.33312547
-0.18113361
-0.01711462
0.14505142
0.29377255
0.43040992
0.53461442
0.62454290
0.64958750
0.69212498
0.72915708
0.73999427
0.77877203
0.77978915
0.74874878
0.73470281
0.69966056
0.66708038
0.65780923
0.62228263
0.59485869
0.55371169
0.47823077
0.41776451
0.33709305
0.26539002
0.20298436
0.14290154
0.12626212
0.09181540
0.03852913
0.03040992
0.05387394
0.06243936
0.10252969
0.13005069
0.13780564
0.15642724
0.14494668
0.14196696
0.13405924
0.12016605
0.10998999
0.09778695
0.09213002
0.08484045
0.08277493
0.08046844
0.07826952
0.07833168
0.07792988
0.07835892
0.07882631
0.07931369
0.07955606
0.07959582
0.07896718
0.07861684
0.07533420
0.07626393
0.07893065
0.08413714
0.09805516
0.11035002
0.12828567
0.14567239
0.16302783
0.17928967
0.19125518
0.20148108
0.20214080
0.20522647
0.20370684
0.20253029
0.20621130
0.20568862
0.20856037
0.20978132
0.21069350
0.20878438
0.21147450
0.19835888
0.17037896
0.13810311
0.07048168
0.01886199
-0.04122531
-0.09359536
-0.11042126
-0.14127455
-0.14469462
-0.15306024
-0.17066956
-0.17342972
-0.18391818
-0.18981466
-0.18960518
-0.19613958
-0.20161710
-0.21113950
-0.23165952
-0.24909993
-0.27411627
-0.29805092
-0.32199162
-0.34451360
-0.36167752
-0.37674061
-0.37959016
-0.38596130
-0.38784015
-0.38864335
-0.39670969
-0.39734539
-0.39615472
-0.39764205
-0.39588429
-0.39644129
-0.40179126
-0.40343601
-0.40727646
-0.40866894
-0.40821689
-0.40516956
-0.39232436
-0.38168293
-0.37441576
-0.35438613
-0.32481898
-0.29536281
-0.25482729
-0.21348251
-0.16800668
-0.12165863
-0.07606677
-0.03202157
0.00695582
0.04173326
0.06809225
0.09083218
0.09586007
0.10599900
0.13021477
0.12873550
0.11316385
0.10081733
0.06972045
0.03993009
0.00488424
-0.02915567
-0.05792023
-0.08635443
-0.09145638
-0.10924894
-0.14213184
-0.15119653
-0.14546755
-0.15154889
-0.15349999
-0.15042965
-0.15392460
-0.14910982
-0.14120170
-0.13190593
-0.11178267
-0.09687578
-0.07920794
-0.06361308
-0.06005114
-0.04947893
-0.04403995
-0.03807708
-0.02311873
-0.01780586
-0.01254963
-0.01045966
-0.01823907
-0.02567122
-0.04205818
-0.05826512
-0.07768770
-0.09628751
-0.11189528
-0.12711799
-0.12955142
-0.13959287
-0.15325519
-0.15928789
-0.17295466
-0.17685988
-0.16786683
-0.16393134
-0.15138038
-0.13794832
-0.12318956
-0.10808975
-0.09533012
-0.08410546
-0.07846326
-0.07519031
-0.07880351
-0.08526486
-0.09792640
-0.11334407
-0.13309722
-0.15482850
-0.17863641
-0.20297024
-0.22694726
-0.24991120
-0.27005788
-0.28787365
-0.30081168
-0.31084163
-0.31312208
-0.31536620
-0.31308575
-0.30977809
-0.30817572
-0.30495685
-0.29902768
-0.29812761
-0.31604429
-0.31605438
-0.30212142
-0.30061391
-0.28949015
-0.27985575
-0.27656019
-0.26733748
-0.25957588
-0.25321887
-0.24373582
-0.23911841
-0.24168543
-0.24060575
-0.23764722
-0.24347952
-0.24847634
-0.26326092
-0.29475133
-0.32432252
-0.36731004
-0.41068301
-0.45734346
-0.50358818
-0.54548794
-0.58343424
-0.61080571
-0.63405622
-0.63457285
-0.64358769
-0.65554493
-0.65656003
-0.66552442
-0.66722568
-0.66207549
-0.65998273
-0.66190395
-0.65151075
-0.63233680
-0.61191566
-0.57759588
-0.54337700
-0.50220376
-0.46063094
-0.41963125
-0.38036511
-0.34837018
-0.31688381
-0.30823626
-0.27942387
-0.24744711
-0.20694993
-0.12419760
-0.05758462
0.03150090
0.11131104
0.17972719
0.24513840
0.26058694
0.29623867
0.34281840
0.35132064
0.33879431
0.33318399
0.31288798
0.28810573
0.26328110
0.23619217
0.21364396
0.19260488
0.18525093
0.17315243
0.16718451
0.16171324
0.14888823
0.14447909
0.13992767
0.13653182
0.13909944
0.14031454
0.14453782
0.14889105
0.15289940
0.15810044
0.15568175
0.16357373
0.17591682
0.19113550
0.22677774
0.25172346
0.28230774
0.30885380
0.31293843
0.32969470
0.34106467
0.34625118
0.36212151
0.36059582
0.34501812
0.33169867
0.30175615
0.27305072
0.23898118
0.20605187
0.17800596
0.15214544
0.14246664
0.12906425
0.12600017
0.12267515
0.11522332
0.11417775
0.10984832
0.10831941
0.10573604
0.10626519
0.11425363
0.11898909
0.12253691
0.13132795
0.14715751
0.15670574
0.15828167
0.16996949
0.17849575
0.19234596
0.22392819
0.24412330
0.27052406
0.29201075
0.29611355
0.30814948
0.30848045
0.31045617
0.31956385
0.31878688
0.32023588
0.31767289
0.30914239
0.29924563
0.28255394
0.26372307
0.24008306
0.21393658
0.18484428
0.15406405
0.12202512
0.08961184
0.05770651
0.02684192
-0.00177300
-0.02867193
-0.05138805
-0.07050247
-0.08456639
-0.10182476
-0.09208502
-0.11055748
-0.20782982
-0.22912479
-0.19640779
-0.21644104
-0.21278223
-0.20189863
-0.20749683
-0.19548753
-0.18460918
-0.16933197
-0.14067618
-0.11668019
-0.08538735
-0.05706072
-0.03267564
-0.00948928
-0.00277840
0.01228352
0.02226245
0.03388266
0.06011410
0.07552329
0.09644028
0.11381247
0.11679219
0.12956595
0.13830310
0.14735246
0.17061366
0.17881925
0.18904011
0.19016803
0.15851920
0.14648508
0.12406401
0.10693963
0.12147458
0.11800043
0.12568353
0.13126418
0.13667631
0.13626926
0.08993635
0.08061677
0.10772185
0.09414388
0.07522704
0.07419801
0.05452074
0.05328688
0.08556858
0.09453923
0.11361449
0.13187223
0.12412576
0.13445297
0.14578682
0.14902223
0.15845099
0.16155301
0.16569536
0.16256266
0.14470047
0.12812684
0.11213846
0.07809173
0.01561302
-0.02938815
-0.08572034
-0.13123209
-0.14628730
-0.16874268
-0.16135039
-0.15576752
-0.14678921
-0.12697007
-0.10854988
-0.08653666
-0.06535087
-0.04529723
-0.02898635
-0.01466362
-0.00844423
-0.00150539
0.00030227
0.00183637
0.00428148
0.00504706
0.00833638
0.01111397
0.01702306
0.02151696
0.02671195
0.03145791
0.03260641
0.03619419
0.03843771
0.04145557
0.04791954
0.05187703
0.05711238
0.06177116
0.06178852
0.06653246
0.07154078
0.07771858
0.09248178
0.10236602
0.11513816
0.12194399
0.13345422
0.12572187
0.07318169
0.04910901
0.00901787
-0.02263782
-0.00545375
-0.01873730
-0.02535700
-0.02019935
-0.02625344
-0.02183865
-0.01152996
-0.00569980
-0.00229010
0.00637614
0.02012639
0.02788911
0.03222681
0.03929722
0.04043825
0.04433762
0.05178481
0.05532677
0.06116957
0.06401771
0.06840768
0.06607980
0.04765416
0.03896383
0.02586819
0.01348439
0.01488816
0.00714776
0.00346346
-0.00207331
-0.01317118
-0.02322811
-0.04803659
-0.06135503
-0.06738249
-0.07770910
-0.07373627
-0.07473704
-0.07636484
-0.07327110
-0.07300794
-0.07071295
-0.06946537
-0.06680995
-0.06332792
-0.05904148
-0.05192749
-0.04531438
-0.03690295
-0.02848425
-0.02029642
-0.01265311
-0.00655612
0.00184452
-0.00161263
0.00869810
0.05140762
0.06596437
0.06143616
0.07941560
0.09776052
0.10750692
0.11055223
0.12398106
0.14926057
0.16319756
0.18608622
0.20092207
0.19347004
0.20039575
0.20663712
0.20425173
0.20844534
0.20411450
0.18803369
0.18005998
0.16750115
0.15717979
0.15962613
0.15608315
0.14774518
0.15403277
0.17844086
0.19045944
0.20954117
0.22607746
0.22080215
0.23051324
0.24427466
0.24591739
0.25199994
0.24899095
0.23521339
0.21874571
0.18638954
0.15415183
0.11289424
0.07167538
0.03072454
-0.00799706
-0.03860723
-0.06526934
-0.07535054
-0.08631346
-0.08605898
-0.08462088
-0.08478798
-0.07951832
-0.07688692
-0.07209676
-0.07135774
-0.06747492
-0.05400229
-0.05206189
-0.05965821
-0.06105878
-0.07237445
-0.07785399
-0.08233861
-0.08384613
-0.05866652
-0.05306024
-0.06054779
-0.05199307
-0.05262373
-0.04858874
-0.03919127
-0.02834641
-0.00611123
0.01542447
0.04467727
0.07460829
0.10643208
0.13789161
0.16679905
0.19333584
0.21357736
0.22815610
0.23828696
0.23697923
0.20839690
0.19022998
0.17620198
0.14434569
0.10597256
0.07397360
0.03383301
0.00364785
0.00032034
-0.01731605
-0.03705572
-0.03938218
-0.03077398
-0.02533783
-0.01992117
-0.00324292
0.02430416
0.04534304
0.07131556
0.09227936
0.09855787
0.11129570
0.10718584
0.11072559
0.13529755
0.13550279
0.12521452
0.12297262
0.10990826
0.09617409
0.08085309
0.06392912
0.04737284
0.03137800
0.01862672
0.01018482
-0.00030334
0.00043041
0.04583283
0.05097958
0.01623905
0.02518102
-0.00539484
0.00574563
0.10825503
0.14415680
0.21681439
0.27821100
0.21428773
0.25320474
0.39749070
0.41373235
0.37257929
0.39476021
0.38076873
0.36359472
0.36392770
0.35149016
0.35693701
0.35361320
0.34809976
0.34866483
0.34701200
0.33966814
0.34432793
0.32809839
0.24938650
0.22421274
0.24022030
0.21234027
0.19760593
0.19064793
0.17373990
0.16372529
0.16412144
0.14662796
0.11667676
0.09025844
0.02819505
-0.01504359
-0.01778011
-0.06387503
-0.16711711
-0.19957055
-0.17526417
-0.19715468
-0.19451784
-0.18093180
-0.18261166
-0.16471617
-0.13797375
-0.11840425
-0.09381191
-0.07382446
-0.06686585
-0.05548862
-0.05540083
-0.05365175
-0.05002684
-0.05202092
-0.04914130
-0.05251112
-0.06031188
-0.06709410
-0.08397791
-0.09344219
-0.09862588
-0.10495584
-0.09776919
-0.09703178
-0.09378143
-0.09049698
-0.09735831
-0.09865090
-0.09905371
-0.10492517
-0.11540536
-0.12584679
-0.12901521
-0.14395539
-0.19400928
-0.20807199
-0.18803005
-0.19633715
-0.18962274
-0.18054856
-0.18063150
-0.17429225
-0.17520403
-0.17401577
-0.17502563
-0.17505792
-0.17618826
-0.17193088
-0.15829600
-0.14699646
-0.12103867
-0.10457220
-0.09683360
-0.08378236
-0.08549996
-0.08034049
-0.08114309
-0.07345272
-0.04645279
-0.03048216
0.01562309
0.03465216
0.01107395
0.01691493
0.00407420
-0.00884748
-0.01051411
-0.01783783
-0.01124666
-0.00745661
0.00385481
0.01490436
0.02607282
0.03379407
0.04269065
0.04052140
-0.00173791
-0.01608154
-0.00954135
-0.03175639
-0.05500630
-0.07012004
-0.09350213
-0.10722217
-0.11662691
-0.12081164
-0.08723371
-0.08133057
-0.09695873
-0.08965038
-0.09691493
-0.10192587
-0.10075114
-0.10243948
-0.10500287
-0.09998507
-0.06845531
-0.05931675
-0.06881715
-0.05968566
-0.05800317
-0.05880819
-0.05542001
-0.05614349
-0.05658304
-0.05742579
-0.05978394
-0.06134716
-0.06331703
-0.06563824
-0.06422275
-0.06686363
-0.07629905
-0.07996553
-0.08005069
-0.08524225
-0.09306440
-0.09651394
-0.09870983
-0.10130995
-0.09955299
-0.09933302
-0.09946621
-0.09724509
-0.09862366
-0.09364440
-0.08510543
-0.07371629
-0.05018667
-0.02999540
-0.00369447
0.02023043
0.04062755
0.05991411
0.06443828
0.07424725
0.08589107
0.08662727
0.08128496
0.07682295
0.06599141
0.05582807
0.04566613
0.03643111
0.03141775
0.02730083
0.03525275
0.03678832
0.03374240
0.03776326
0.04140613
0.04221680
0.04571013
0.04234434
0.03233357
0.01982364
-0.00677357
-0.03020831
-0.06038190
-0.08824135
-0.11188155
-0.13274546
-0.14093430
-0.14898752
-0.13859330
-0.13583941
-0.14130684
-0.13459828
-0.13687389
-0.13009812
-0.11407624
-0.10092691
-0.06986192
-0.05067970
-0.04318387
-0.02562622
-0.02204066
-0.01141166
0.00919316
0.01971971
0.03589450
0.04802913
0.05064478
0.05857510
0.06136593
0.06484715
0.07453321
0.07711941
0.08002062
0.08062827
0.07468699
0.06902159
0.05741591
0.04597369
0.03234769
0.01928690
0.00817517
-0.00222068
-0.00560955
-0.01161537
-0.01433792
-0.01744733
-0.02465168
-0.02811675
-0.03353958
-0.03707832
-0.03950972
-0.03958379
-0.03373554
-0.02902853
-0.01739044
-0.00980031
-0.00681457
-0.00073490
-0.00291912
-0.00047714
0.00458790
0.00687298
0.01535605
0.01894193
0.02197931
0.02366220
0.01365433
0.01059064
0.01206213
0.00555915
-0.00104895
-0.00759499
-0.01752188
-0.02698076
-0.03761675
-0.04842568
-0.05908164
-0.06927526
-0.07829999
-0.08639317
-0.09242466
-0.09656439
-0.09945572
-0.09932353
-0.08888714
-0.08560490
-0.08865203
-0.08456034
-0.08396197
-0.08263749
-0.07894114
-0.07661529
-0.07147398
-0.06844945
-0.06578113
-0.06442173
-0.06709612
-0.06950553
-0.07637291
-0.08188313
-0.08811401
-0.09336046
-0.09497494
-0.09639063
-0.09313826
-0.08935393
-0.08262639
-0.07482523
-0.06561080
-0.05605450
-0.04662352
-0.03769323
-0.03045633
-0.02440486
-0.02100982
-0.01948248
-0.02136682
-0.02516589
-0.03260884
-0.04149694
-0.05303805
-0.06565681
-0.07950460
-0.09367911
-0.10760702
-0.12097894
-0.13270187
-0.14305915
-0.15054085
-0.15636750
-0.15764153
-0.15886571
-0.15745566
-0.15554735
-0.15462467
-0.15188188
-0.15000222
-0.14829531
-0.14467363
-0.14404459
-0.15184333
-0.15214080
-0.14683703
-0.14725276
-0.14537008
-0.14275039
-0.14137424
-0.13881792
-0.13703957
-0.13414481
-0.13023515
-0.12652730
-0.12062920
-0.11572765
-0.11418763
-0.10755899
-0.09985833
-0.09013251
-0.07093434
-0.05711682
-0.04046247
-0.02492109
-0.02264367
-0.01106683
0.01036189
0.01724392
0.01367474
0.01862196
0.02047744
0.01964368
0.02151474
0.02141626
0.02097410
0.02223662
0.02443857
0.02777932
0.03458496
0.04094520
0.04952635
0.05791821
0.06631471
0.07421657
0.08041012
0.08542489
0.08793137
0.08818585
0.08485458
0.07931308
0.06938767
0.05802416
0.04342039
0.02763321
0.01040719
-0.00722641
-0.02455198
-0.04121764
-0.05594996
-0.06905509
-0.07886304
-0.08645614
-0.08943768
-0.09083440
-0.08819271
-0.08423280
-0.07831130
-0.07111900
-0.06342217
-0.05578932
-0.04929266
-0.04162065
-0.04267834
-0.03337632
-0.00935154
0.00309056
0.02160112
0.03832046
0.03730596
0.05121570
0.07144875
0.08425621
0.10560830
0.12223965
0.13682686
0.15062682
0.15263806
0.16053306
0.16879172
0.17225216
0.18034917
0.18300802
0.17887939
0.17900875
0.17820878
0.17496065
0.17500989
0.17035131
0.16234087
0.15509429
0.14012565
0.13058630
0.12523652
0.11738612
0.11697281
0.11435453
0.11024124
0.11118228
0.11188862
0.11563057
0.12414614
0.13300257
0.14585160
0.15981139
0.17568777
0.19240489
0.20952300
0.22652144
0.24248258
0.25735799
0.26991258
0.28050557
0.28781513
0.29233567
0.29371403
0.29048305
0.28205951
0.26983791
0.25009485
0.22876759
0.20219125
0.17456328
0.14547764
0.11671127
0.09006591
0.06546812
0.04606511
0.02977583
0.02171817
0.01505683
0.01686870
0.01695887
0.01810402
0.01853151
0.01021493
0.00589406
-0.00637045
-0.01461709
-0.01743582
-0.02464300
-0.02563328
-0.02946666
-0.03662526
-0.03998499
-0.04550751
-0.04938852
-0.05064377
-0.05265360
-0.05293391
-0.05200337
-0.05071461
-0.04702573
-0.04081402
-0.03388892
-0.02444361
-0.01400728
-0.00206139
0.01081767
0.02449426
0.03858705
0.05278296
0.06687433
0.08036996
0.09315421
0.10472679
0.11520355
0.12380307
0.13087549
0.13558775
0.14011293
0.13707186
0.14159079
0.15828571
0.16454645
0.17777287
0.18535648
0.17757025
0.17768891
0.17414675
0.16514421
0.15440854
0.14202690
0.12706068
0.11229325
0.09755003
0.08353837
0.07203541
0.06154736
0.05691723
0.05039373
0.04602677
0.04155567
0.03301851
0.02790747
0.02115593
0.01521836
0.01378835
0.00791020
0.00244795
-0.00508492
-0.02014958
-0.03212086
-0.04824688
-0.06268052
-0.07500081
-0.08668176
-0.08957511
-0.09680777
-0.10115778
-0.10628113
-0.11895660
-0.12600723
-0.13602649
-0.14295623
-0.14646248
-0.14841862
-0.13597280
-0.13208151
-0.13439869
-0.12815469
-0.12342931
-0.12078056
-0.11711650
-0.11575348
-0.11956587
-0.12008290
-0.12298493
-0.12348986
-0.11734858
-0.11443203
-0.10612412
-0.10025287
-0.09777444
-0.09312394
-0.09329527
-0.09183558
-0.09017327
-0.09005683
-0.08897674
-0.08884617
-0.08746317
-0.08853276
-0.09114802
-0.09493478
-0.10382853
-0.11131992
-0.12138094
-0.13046440
-0.13800846
-0.14544636
-0.14547280
-0.15032734
-0.15827218
-0.16135644
-0.16874208
-0.17126894
-0.16597264
-0.16458217
-0.16009937
-0.15403963
-0.14819037
-0.14130926
-0.13469515
-0.12836881
-0.12305859
-0.11826440
-0.11563078
-0.11279838
-0.11132698
-0.11000593
-0.10822597
-0.10738059
-0.10582181
-0.10523858
-0.10493728
-0.10528863
-0.10707465
-0.10905198
-0.11221777
-0.11583985
-0.12017735
-0.12495379
-0.13010095
-0.13547030
-0.14087416
-0.14625017
-0.15133194
-0.15612392
-0.16036314
-0.16405767
-0.16692680
-0.16910574
-0.17027725
-0.17059792
-0.16981349
-0.16820567
-0.16527478
-0.16177681
-0.15722620
-0.15297286
-0.14867572
-0.14236674
-0.14433278
-0.13529795
-0.10296055
-0.08921569
-0.08754369
-0.06921956
-0.04567158
-0.03330952
-0.02448861
-0.01361458
-0.01302979
-0.00807528
0.00042960
0.00350850
0.00973640
0.01306842
0.01597488
0.01604435
0.00706675
0.00276356
-0.00239314
-0.01030542
-0.01297556
-0.02021953
-0.03397025
-0.04182912
-0.04283757
-0.05108130
-0.07075594
-0.07498830
-0.06565863
-0.06620049
-0.05857207
-0.05144032
-0.05080260
-0.04434166
-0.03962899
-0.03574698
-0.03007693
-0.02702254
-0.02729195
-0.02556789
-0.02429831
-0.02393848
-0.02315122
-0.02224731
-0.02067865
-0.01888175
-0.01559409
-0.01306757
-0.01022139
-0.00670317
-0.00801466
-0.00288651
0.01137055
0.01837273
0.03019943
0.03843488
0.03412423
0.03760908
0.03938864
0.03814993
0.03941487
0.03833055
0.03936765
0.03688135
0.03082161
0.02555276
0.01275345
0.00524251
0.00176355
-0.00400451
-0.00235187
-0.00302132
-0.00360634
-0.00177589
-0.00105083
0.00068827
0.00236257
0.00409716
0.00580853
0.00743572
0.00893886
0.01025803
0.01135554
0.01211099
0.01291785
0.01271025
0.01158859
0.00990836
0.00623025
0.00295367
-0.00131997
-0.00522143
-0.00851722
-0.01149483
-0.01226279
-0.01348822
-0.01319863
-0.01291448
-0.01305657
-0.01235756
-0.01215491
-0.01119677
-0.01198716
-0.00919758
-0.00365455
0.00284582
0.01714209
0.02769194
0.04021303
0.05126797
0.05367395
0.06077059
0.06533815
0.06782647
0.07415462
0.07424321
0.06875903
0.06571493
0.05706153
0.05077112
0.04882325
0.04314190
0.04161056
0.03799978
0.03111665
0.02733171
0.02175611
0.01820684
0.01527131
0.01515186
0.02418126
0.02775995
0.03492218
0.03905161
0.03275616
0.03133098
0.02404746
0.01706437
0.01051459
0.00351803
0.00241962
-0.00257259
-0.00617338
-0.00981700
-0.01904199
-0.02328018
-0.02515761
-0.02918574
-0.02904286
-0.03121816
-0.03569895
-0.03831662
-0.04322323
-0.04739746
-0.05171397
-0.05571445
-0.05867237
-0.06084365
-0.06195582
-0.06089329
-0.05601979
-0.05153375
-0.04237724
-0.03550501
-0.03357551
-0.02614709
-0.02113837
-0.01345801
0.00213789
0.01238156
0.02556164
0.03628743
0.03978277
0.04580034
0.04559328
0.04632040
0.04804547
0.04707174
0.04751895
0.04707699
0.04680374
0.04648992
0.04630103
0.04578439
0.04502801
0.04399232
0.04217240
0.04035531
0.03792753
0.03536939
0.03259955
0.02974556
0.02695029
0.02425532
0.02188365
0.01972960
0.01811588
0.01670971
0.01646807
0.01551209
0.01447077
0.01333854
0.01046705
0.00866000
0.00624325
0.00456016
0.00347149
0.00377405
0.00658394
0.01015618
0.01760280
0.02445108
0.03306755
0.04112461
0.04786707
0.05432075
0.05555300
0.05971492
0.06259758
0.06604247
0.07480122
0.07981094
0.08683675
0.09198714
0.09396044
0.09519551
0.09052200
0.08687086
0.07908604
0.07246406
0.07135370
0.06383063
0.05779087
0.04901012
0.03065350
0.01830373
0.00269697
-0.01023224
-0.01398068
-0.02147438
-0.02190101
-0.02364545
-0.02804470
-0.02845842
-0.03101050
-0.03204538
-0.03214588
-0.03227827
-0.03091303
-0.02956312
-0.02742939
-0.02507729
-0.02254902
-0.02001296
-0.01783440
-0.01556242
-0.01507630
-0.01266841
-0.00994943
-0.00613381
0.00134559
0.00796503
0.01700946
0.02577878
0.03448970
0.04276492
0.04918792
0.05500226
0.05646074
0.05969959
0.06151083
0.06383507
0.06983448
0.07363960
0.07961660
0.08463824
0.08885243
0.09270821
0.09321414
0.09485183
0.09459372
0.09476808
0.09641828
0.09701705
0.09894837
0.10076082
0.10298981
0.10542263
0.10789399
0.11036172
0.11264117
0.11473494
0.11635992
0.11764444
0.11828659
0.11839779
0.11796471
0.11652419
0.11392851
0.11072357
0.10573422
0.10088877
0.09528088
0.08989013
0.08529735
0.08001053
0.08018530
0.07311409
0.06051712
0.04940083
0.02316797
0.00774274
0.00109966
-0.01242424
-0.01322189
-0.01957618
-0.03135217
-0.03609914
-0.04487040
-0.05063792
-0.05220195
-0.05533020
-0.05452276
-0.05436252
-0.05478531
-0.05358495
-0.05325459
-0.05234987
-0.05159652
-0.05082782
-0.05010514
-0.04912193
-0.04904726
-0.04704228
-0.04379859
-0.03960821
-0.03136730
-0.02424241
-0.01506416
-0.00667401
0.00052259
0.00720239
0.00927466
0.01297647
0.01418661
0.01602301
0.02013441
0.02263600
0.02704332
0.03107750
0.03548362
0.03984331
0.04379193
0.04743480
0.05010252
0.05215553
0.05303038
0.05292685
0.05120521
0.04882849
0.04470168
0.04050808
0.03556979
0.03084421
0.02675171
0.02310561
0.02130506
0.01977397
0.02030691
0.02107379
0.02297423
0.02490353
0.02676685
0.02953648
0.02745966
0.03180826
0.04531176
0.05154566
0.06260928
0.07008755
0.06502535
0.06776431
0.06878264
0.06682973
0.06730439
0.06584429
0.06517630
0.06368997
0.06156693
0.05930101
0.05532415
0.05219650
0.04863395
0.04546796
0.04391220
0.04182186
0.04110664
0.04016904
0.03903789
0.03848937
0.03765792
0.03699800
0.03632113
0.03565011
0.03500452
0.03432321
0.03366773
0.03307865
0.03224820
0.03193802
0.03197394
0.03227262
0.03368670
0.03478979
0.03644665
0.03791018
0.03904354
0.04003181
0.03987782
0.03996662
0.03927159
0.03858342
0.03810291
0.03721595
0.03652092
0.03578976
0.03483924
0.03440959
0.03426610
0.03438759
0.03552378
0.03639358
0.03779898
0.03899450
0.03996400
0.04042311
0.04103561
0.03942052
0.03468082
0.03044987
0.02132424
0.01464873
0.01373380
0.00538027
-0.00357647
-0.01306265
-0.03485700
-0.04670969
-0.05227076
-0.06243673
-0.06221212
-0.06574783
-0.07250038
-0.07341277
-0.07543571
-0.07612953
-0.07419478
-0.07250644
-0.06950553
-0.06549980
-0.06080833
-0.05531991
-0.04916794
-0.04252658
-0.03544346
-0.02808971
-0.02057169
-0.01301510
-0.00556422
0.00167926
0.00855438
0.01498329
0.02078823
0.02599755
0.03033303
0.03392867
0.03646845
0.03859936
0.03820038
0.03963000
0.04374531
0.04518139
0.04837462
0.05028072
0.04837866
0.04917904
0.05007790
0.04989889
0.05092146
0.05137009
0.05190973
0.05235129
0.05239387
0.05301988
0.05066456
0.05250042
0.06109692
0.06453394
0.07129941
0.07571077
0.07137832
0.07250079
0.07244065
0.07031680
0.06988735
0.06820829
0.06687150
0.06515632
0.06462253
0.06154756
0.05710371
0.05084558
0.03944091
0.02831311
0.01351085
-0.00161355
-0.01763570
-0.03346895
-0.04806081
-0.06152112
-0.07192946
-0.07991508
-0.08474176
-0.08631568
-0.07611116
-0.07246809
-0.07475298
-0.06907123
-0.06429258
-0.06251483
-0.05764617
-0.05889598
-0.07239020
-0.07805560
-0.08750050
-0.09604049
-0.09287914
-0.09755548
-0.10309940
-0.10398514
-0.10540386
-0.10664842
-0.10621070
-0.10689947
-0.10915914
-0.10976295
-0.11123132
-0.11344033
-0.11000472
-0.11311683
-0.13306008
-0.13640367
-0.12724211
-0.12959904
-0.12516770
-0.12031983
-0.12027785
-0.11515592
-0.11165573
-0.10599537
-0.09599811
-0.08739839
-0.07563691
-0.06442900
-0.05318274
-0.04252557
-0.03405299
-0.02637634
-0.02374959
-0.01945505
-0.01665849
-0.01440046
-0.00856081
-0.00646556
-0.00433027
-0.00329699
-0.00593119
-0.00803879
-0.01330655
-0.01788075
-0.02276314
-0.02726067
-0.02838617
-0.03106822
-0.03143672
-0.03241833
-0.03484872
-0.03587472
-0.03800785
-0.03955331
-0.04083037
-0.04230842
-0.04167656
-0.04308055
-0.04696700
-0.04858794
-0.05180035
-0.05370684
-0.05184656
-0.05234079
-0.05230588
-0.05137110
-0.05115798
-0.05041169
-0.04977337
-0.04913868
-0.04846705
-0.04784084
-0.04715751
-0.04676438
-0.04541064
-0.04616138
-0.04811732
-0.05139713
-0.05897468
-0.06590746
-0.07560119
-0.08508383
-0.09453116
-0.10340110
-0.11011652
-0.11582250
-0.11704324
-0.11872876
-0.11759277
-0.11622390
-0.11573370
-0.11356465
-0.11221171
-0.11045577
-0.10857006
-0.10719028
-0.10610313
-0.10530740
-0.10551122
-0.10547530
-0.10596066
-0.10626196
-0.10624178
-0.10620807
-0.10479399
-0.10428987
-0.10342895
-0.10302230
-0.10413993
-0.10473991
-0.10640282
-0.10780338
-0.10931615
-0.11073285
-0.11154251
-0.11061156
-0.11256851
-0.10799853
-0.08669387
-0.07752222
-0.07665242
-0.06419288
-0.04915422
-0.04076155
-0.03469656
-0.02695998
-0.02539878
-0.02050711
-0.01248464
-0.00734527
0.00101812
0.00830070
0.01573320
0.02277101
0.02830464
0.03353111
0.03469898
0.03839250
0.04247290
0.04593232
0.05475444
0.05910586
0.06138248
0.06492404
0.06383406
0.06431659
0.06506732
0.06427502
0.06448914
0.06306254
0.06509033
0.06117683
0.04686771
0.03999931
0.02852582
0.02008611
0.02450012
0.02091093
0.01908877
0.02024274
0.01899402
0.01958274
0.01973262
0.01996396
0.02010982
0.02050025
0.02106874
0.02179425
0.02308119
0.02430941
0.02597071
0.02764855
0.02940531
0.03117700
0.03280076
0.03427821
0.03546788
0.03631265
0.03708357
0.03679760
0.03555586
0.03359205
0.02957119
0.02564801
0.02044899
0.01528520
0.01017216
0.00533965
0.00159622
-0.00164038
-0.00260228
-0.00381534
-0.00357524
-0.00321768
-0.00332914
-0.00255901
-0.00226685
-0.00142471
-0.00167590
0.00029245
0.00394577
0.00816985
0.01721854
0.02392778
0.03192066
0.03856223
0.04131592
0.04414691
0.04194920
0.03994846
0.03531168
0.03054190
0.02581208
0.02135975
0.01980689
0.01788947
0.01898474
0.02016332
0.02237183
0.02550775
0.02898857
0.03276625
0.03644988
0.03993615
0.04271850
0.04502942
0.04616178
0.04668245
0.04564030
0.04430432
0.04157363
0.03908653
0.03642506
0.03400819
0.03323606
0.03190169
0.03191461
0.03171926
0.03132331
0.03152370
0.03137275
0.03148899
0.03141775
0.03163409
0.03200865
0.03256181
0.03367762
0.03475629
0.03622729
0.03773682
0.03932587
0.04091129
0.04236997
0.04368315
0.04466899
0.04547482
0.04567421
0.04607258
0.04548047
0.04622777
0.04814214
0.05019495
0.05538207
0.05905844
0.06352227
0.06717583
0.06838629
0.06961370
0.06791547
0.06580958
0.06213099
0.05737797
0.05168430
0.04531216
0.03845305
0.03142401
0.02451122
0.01785938
0.01193324
0.00664370
0.00259398
-0.00021238
-0.00269311
-0.00157161
0.00433048
0.00972514
0.02224388
0.03100727
0.03242862
0.04223476
0.05020625
0.05951836
0.08127507
0.09229107
0.09741058
0.10707525
0.10627003
0.10990503
0.11725958
0.11923389
0.12430093
0.12712970
0.12715533
0.12825055
0.12665928
0.12555478
0.12483674
0.12299603
0.12178234
0.12020621
0.11866136
0.11724990
0.11590806
0.11467723
0.11371641
0.11277941
0.11206984
0.11144100
0.11091186
0.11048180
0.11008767
0.10972945
0.10936438
0.10897347
0.10849539
0.10797250
0.10732267
0.10656931
0.10565168
0.10453245
0.10349898
0.10173234
0.09928640
0.09661807
0.09246422
0.08895414
0.08513307
0.08154510
0.07981438
0.07685140
0.07459921
0.07199747
0.06760791
0.06454040
0.06072962
0.05788875
0.05515806
0.05479763
0.05790328
0.06157783
0.07132363
0.07862672
0.08726015
0.09460219
0.09595351
0.09937943
0.09777384
0.09692724
0.09690928
0.09467827
0.09369264
0.09168806
0.09074359
0.08787527
0.08375471
0.07871471
0.06958968
0.06164887
0.05161993
0.04238632
0.03433229
0.02710790
0.02343032
0.02037452
0.02134300
0.02263822
0.02636706
0.03013545
0.03397206
0.03745651
0.03813156
0.03932123
0.03778808
0.03623374
0.03413977
0.03088619
0.02746713
0.02345777
0.01919337
0.01475985
0.01024104
0.00576224
0.00150638
-0.00252835
-0.00612128
-0.00931758
-0.01183752
-0.01405694
-0.01485678
-0.01652843
-0.01823517
-0.02025061
-0.02446379
-0.02771777
-0.03217494
-0.03613607
-0.03957329
-0.04244727
-0.04419797
-0.04440583
-0.04197564
-0.03861449
-0.03149787
-0.02481131
-0.01639471
-0.00853379
-0.00190294
0.00409430
0.00589953
0.00851589
0.00824678
0.00800616
0.00847523
0.00742420
0.00716161
0.00642835
0.00576411
0.00514623
0.00451394
0.00380559
0.00343129
0.00232172
0.00083850
-0.00120168
-0.00472669
-0.00818442
-0.01269975
-0.01729482
-0.02217507
-0.02698601
-0.03144439
-0.03555203
-0.03874406
-0.04143963
-0.04258329
-0.04377255
-0.04404136
-0.04387931
-0.04502418
-0.04346923
-0.04059142
-0.03696934
-0.02882127
-0.02285739
-0.01570198
-0.00964086
-0.00789004
-0.00489851
-0.00465281
-0.00592201
-0.00778954
-0.01255957
-0.02071416
-0.02875508
-0.03942416
-0.04985510
-0.06028504
-0.07008956
-0.07777347
-0.08448143
-0.08667631
-0.08947138
-0.08959892
-0.08960457
-0.09082330
-0.09040657
-0.09107254
-0.09131249
-0.09174779
-0.09223073
-0.09265957
-0.09309548
-0.09333422
-0.09352130
-0.09339254
-0.09354350
-0.09194718
-0.09323574
-0.09651313
-0.10050311
-0.11084223
-0.11805613
-0.12692789
-0.13425863
-0.13582346
-0.13902820
-0.13689851
-0.13530784
-0.13359569
-0.12995927
-0.12701487
-0.12352941
-0.12048955
-0.11742204
-0.11587860
-0.11303530
-0.10967295
-0.10658869
-0.10084175
-0.09719585
-0.09475052
-0.09159926
-0.09087497
-0.08931094
-0.08766195
-0.08682303
-0.08551833
-0.08453128
-0.08348772
-0.08241106
-0.08152532
-0.08023535
-0.07875144
-0.07695291
-0.07433524
-0.07172685
-0.06849345
-0.06513634
-0.06155341
-0.05791377
-0.05431853
-0.05081027
-0.04765235
-0.04480077
-0.04249429
-0.03984957
-0.04006127
-0.03741030
-0.02658441
-0.02389751
-0.02686674
-0.02484784
-0.02592792
-0.02792301
-0.02940026
-0.03218181
-0.03506305
-0.03814589
-0.04130422
-0.04441370
-0.04737264
-0.05010111
-0.05239770
-0.05432963
-0.05561536
-0.05654974
-0.05632048
-0.05651987
-0.05648314
-0.05656689
-0.05788794
-0.05855109
-0.05993490
-0.06100489
-0.06183009
-0.06239011
-0.06224138
-0.06159619
-0.05968667
-0.05759330
-0.05413145
-0.05104154
-0.04774155
-0.04471097
-0.04318670
-0.04116799
-0.04040031
-0.03945201
-0.03832994
-0.03774954
-0.03692696
-0.03607129
-0.03589713
-0.03422533
-0.03143208
-0.02824046
-0.02180010
-0.01692274
-0.01122634
-0.00629061
-0.00446222
-0.00155492
-0.00128563
-0.00062457
0.00045302
0.00037428
0.00091083
0.00107235
0.00127435
0.00149455
0.00171288
0.00190847
0.00212324
0.00233571
0.00252581
0.00273444
0.00290061
0.00326922
0.00299972
0.00408732
0.00621956
0.00873540
0.01423970
0.01831348
0.02311227
0.02744573
0.02818577
0.03139011
0.03331477
0.03601720
0.04233163
0.04605886
0.05112630
0.05537339
0.05565794
0.05869821
0.06201071
0.06366071
0.06699985
0.06837922
0.06673367
0.06696817
0.06677988
0.06575428
0.06543058
0.06445180
0.06407462
0.06267265
0.06069471
0.05808168
0.05341765
0.04908055
0.04340829
0.03785589
0.03231440
0.02707602
0.02286727
0.01910693
0.01770649
0.01562710
0.01460163
0.01344100
0.01084837
0.00939465
0.00697852
0.00494577
0.00316521
0.00226955
0.00021737
0.00119390
0.01202143
0.01464209
0.01105496
0.01399505
0.01428743
0.01354207
0.01517350
0.01342332
0.00970128
0.00639362
-0.00169188
-0.00648266
-0.00847858
-0.01242184
-0.01191241
-0.01321596
-0.01551314
-0.01614471
-0.01815516
-0.01954056
-0.02104897
-0.02245033
-0.02344183
-0.02427207
-0.02431183
-0.02445047
-0.02407248
-0.02365716
-0.02340732
-0.02287232
-0.02246446
-0.02197729
-0.02151495
-0.02105623
-0.02060095
-0.02014946
-0.01970152
-0.01925740
-0.01881671
-0.01837906
-0.01794541
-0.01751512
-0.01708851
-0.01668562
-0.01626553
-0.01584907
-0.01545635
-0.01502583
-0.01466033
-0.01425706
-0.01393808
-0.01311148
-0.01399160
-0.01139305
-0.00530324
0.00007619
0.01284328
0.02105623
0.02287575
0.03182480
0.03817879
0.04601648
0.06419429
0.07297625
0.07768811
0.08478475
0.08231197
0.08319267
0.08444672
0.08255717
0.08252387
0.08127629
0.08028621
0.07926041
0.07822169
0.07725139
0.07622620
0.07524944
0.07427853
0.07331469
0.07235710
0.07140637
0.07046170
0.06952389
0.06859213
0.06766724
0.06674800
0.06583541
0.06492908
0.06398845
0.06321794
0.06210375
0.06075465
0.05919224
0.05686961
0.05467614
0.05199630
0.04937035
0.04673411
0.04423349
0.04210964
0.04013533
0.03910287
0.03769121
0.03662425
0.03542287
0.03347944
0.03190694
0.02984142
0.02788427
0.02590936
0.02404201
0.02246285
0.02100639
0.02028249
0.01927938
0.01857518
0.01773376
0.01635081
0.01520978
0.01361219
0.01203584
0.01033603
0.00857728
0.00686186
0.00521047
0.00370333
0.00233932
0.00121844
0.00041912
-0.00039042
-0.00024702
0.00075009
0.00226634
0.00563941
0.00863577
0.01253108
0.01614136
0.01912937
0.02194682
0.02235226
0.02393767
0.02473684
0.02575255
0.02879100
0.03029024
0.03260581
0.03428729
0.03441140
0.03512177
0.03444672
0.03398437
0.03376722
0.03293698
0.03248149
0.03161977
0.03146155
0.02990822
0.02757913
0.02437479
0.01837392
0.01278207
0.00538354
-0.00184739
-0.00906284
-0.01588687
-0.02126914
-0.02614164
-0.02751152
-0.03029650
-0.03242055
-0.03413189
-0.03892024
-0.04083339
-0.04194678
-0.04354774
-0.04275261
-0.04282748
-0.04299639
-0.04236453
-0.04220792
-0.04174335
-0.04136415
-0.04096618
-0.04057084
-0.04013675
-0.03986935
-0.03925403
-0.03844094
-0.03743048
-0.03569612
-0.03408568
-0.03204458
-0.02999015
-0.02802230
-0.02610229
-0.02465450
-0.02253308
-0.02397723
-0.01957713
-0.00971700
-0.00118683
0.01999820
0.03218504
0.03764803
0.04716094
0.04451663
0.04605300
0.04813528
0.04620799
0.04665097
0.04544556
0.04488816
0.04361474
0.04174335
0.03972707
0.03614132
0.03331860
0.03011951
0.02723121
0.02607363
0.02390619
0.02274942
0.02102838
0.01814664
0.01587370
0.01258698
0.00944771
0.00608338
0.00276633
-0.00028226
-0.00314466
-0.00533521
-0.00753481
-0.00763957
-0.00997744
-0.01337890
-0.01731302
-0.02621570
-0.03243104
-0.03999750
-0.04701180
-0.04724651
-0.05300636
-0.06183312
-0.06616174
-0.07461979
-0.07841523
-0.07392879
-0.07373284
-0.07041589
-0.06569798
-0.06152576
-0.05655176
-0.05245845
-0.04862507
-0.04690444
-0.04479411
-0.04412229
-0.04345208
-0.04242265
-0.04217947
-0.04154760
-0.04114620
-0.04070545
-0.04026792
-0.03985320
-0.03942032
-0.03899006
-0.03856263
-0.03813762
-0.03771523
-0.03729547
-0.03687832
-0.03646361
-0.03605131
-0.03564184
-0.03523479
-0.03483016
-0.03442795
-0.03402837
-0.03363141
-0.03325725
-0.03286473
-0.03249502
-0.03198484
-0.03196930
-0.03090617
-0.02922428
-0.02688511
-0.02237082
-0.01818393
-0.01260115
-0.00713955
-0.00169009
0.00345519
0.00750795
0.01107131
0.01227484
0.01389142
0.01421339
0.01457513
0.01580560
0.01615994
0.01724380
0.01812571
0.01911672
0.02007067
0.02094806
0.02177003
0.02235266
0.02216861
0.02337785
0.02202008
0.01222382
0.01024813
0.01406169
0.01298067
0.01606840
0.01924549
0.02232037
0.02599956
0.02887011
0.03151059
0.03210895
0.03310529
0.03271196
0.03234487
0.03232388
0.03154489
0.03118184
0.03057479
0.03001417
0.02939643
0.02900895
0.02815227
0.02701951
0.02555034
0.02307776
0.02067784
0.01755219
0.01438753
0.01103936
0.00773757
0.00466403
0.00183791
-0.00041854
-0.00227520
-0.00328910
-0.00394125
-0.00368517
-0.00314716
-0.00194193
-0.00059151
0.00100600
0.00255873
0.00386484
0.00496682
0.00537807
0.00555706
0.00495584
0.00405565
0.00255352
0.00070404
-0.00154960
-0.00399652
-0.00667543
-0.00939794
-0.01208223
-0.01464603
-0.01694857
-0.01899232
-0.02053637
-0.02179122
-0.02227072
-0.02270179
-0.02279725
-0.02252238
-0.02226992
-0.02150788
-0.02032629
-0.01911874
-0.01749734
-0.01587763
-0.01413589
-0.01241843
-0.01084639
-0.00937832
-0.00827715
-0.00723284
-0.00718382
-0.00619270
-0.00497300
-0.00331672
0.00039867
0.00336556
0.00741659
0.01103779
0.01411924
0.01688622
0.01763152
0.01877368
0.01852584
0.01828278
0.01840603
0.01779067
0.01754942
0.01708395
0.01668447
0.01618616
0.01604043
0.01513610
0.01363155
0.01193943
0.00857361
0.00599151
0.00303243
0.00030248
-0.00032788
-0.00248561
-0.00430234
-0.00609910
-0.01023898
-0.01202764
-0.01389899
-0.01460978
-0.01036863
-0.00891033
-0.00625734
-0.00377505
-0.00530782
-0.00432240
-0.00388829
-0.00429441
-0.00400151
-0.00426487
-0.00429924
-0.00455886
-0.00487562
-0.00535260
-0.00616973
-0.00701650
-0.00813744
-0.00938549
-0.01079969
-0.01233661
-0.01397390
-0.01568977
-0.01742135
-0.01918887
-0.02090952
-0.02258454
-0.02417258
-0.02563449
-0.02695110
-0.02816539
-0.02911531
-0.02988541
-0.03035724
-0.03132956
-0.02974899
-0.03206577
-0.04110099
-0.04546352
-0.05183707
-0.05836784
-0.05877752
-0.06395031
-0.07299724
-0.07642922
-0.07920188
-0.08138688
-0.07838657
-0.07636464
-0.07241623
-0.06723335
-0.06160285
-0.05549589
-0.04950819
-0.04382704
-0.03920015
-0.03508666
-0.03319227
-0.03109506
-0.03039599
-0.02982225
-0.02882672
-0.02865861
-0.02810141
-0.02775410
-0.02742838
-0.02698177
-0.02651822
-0.02593539
-0.02517396
-0.02437943
-0.02340954
-0.02236880
-0.02123786
-0.02003869
-0.01879253
-0.01752101
-0.01624436
-0.01496349
-0.01373952
-0.01257199
-0.01145985
-0.01044368
-0.00956286
-0.00877487
-0.00811907
-0.00761455
-0.00721791
-0.00709178
-0.00721109
-0.01468721
-0.01532851
-0.01603692
-0.01705626
-0.01815669
-0.01931647
-0.02047240
-0.02150183
-0.02240594
-0.02302307
-0.02341842
-0.02339117
-0.02311126
-0.02239887
-0.02142433
-0.02006962
-0.01852507
-0.01671228
-0.01482003
-0.01284917
-0.01088427
-0.00904667
-0.00735577
-0.00593093
-0.00486915
-0.00367875
-0.00390209
-0.00552721
-0.00756670
-0.01256789
-0.01630234
-0.02069237
-0.02440406
-0.02517134
-0.02691598
-0.02620844
-0.02580724
-0.02601631
-0.02463210
-0.02356089
-0.02179748
-0.01908152
-0.01642500
-0.01307304
-0.00967731
-0.00611944
-0.00260413
0.00061348
0.00361472
0.00595228
0.00830496
0.00849321
0.01072692
0.01590403
0.01833937
0.02277787
0.02528173
0.02334597
0.02364222
0.02247152
0.02024475
0.01811923
0.01519097
0.01207569
0.00881770
0.00551760
0.00225514
-0.00077821
-0.00358590
-0.00596308
-0.00795611
-0.00936509
-0.01022219
-0.01059683
-0.00995417
-0.00824702
-0.00581796
-0.00162469
0.00260966
0.00788754
0.01310006
0.01823219
0.02305677
0.02682941
0.03013949
0.03128032
0.03277331
0.03303809
0.03329438
0.03424107
0.03441846
0.03517868
0.03575001
0.03644302
0.03714532
0.03780342
0.03843509
0.03893477
0.03934061
0.03953212
0.03961931
0.03939610
0.03918501
0.03877675
0.03835093
0.03797637
0.03749748
0.03705430
0.03659458
0.03615322
0.03569552
0.03523902
0.03478374
0.03434702
0.03389416
0.03344312
0.03301003
0.03256181
0.03213156
0.03168616
0.03124258
0.03081717
0.03037722
0.02997118
0.02946968
0.02922933
0.02845599
0.02740941
0.02603266
0.02364465
0.02143059
0.01858489
0.01583662
0.01315102
0.01063923
0.00871102
0.00692040
0.00665355
0.00541920
0.00400231
0.00285531
-0.00032232
-0.00176025
-0.00237655
-0.00342181
-0.00268627
-0.00249728
-0.00228899
-0.00149992
-0.00096017
-0.00017174
0.00061165
0.00143258
0.00227462
0.00312208
0.00397420
0.00481583
0.00564668
0.00645249
0.00723355
0.00796251
0.00864095
0.00928333
0.00985048
0.01035777
0.01079390
0.01116115
0.01143578
0.01167331
0.01179706
0.01190206
0.01195033
0.01198254
0.01202452
0.01203788
0.01206157
0.01206980
0.01207584
0.01209180
0.01209285
0.01210369
0.01209971
0.01210548
0.01209654
0.01207356
0.01211957
0.01200835
0.01182922
0.01153823
0.01096927
0.01042085
0.00968855
0.00895115
0.00818702
0.00744345
0.00679734
0.00622349
0.00584922
0.00549345
0.00565949
0.00534100
0.00488222
0.00422420
0.00253766
0.00127097
-0.00048876
-0.00198786
-0.00314803
-0.00413997
-0.00405743
-0.00425752
-0.00383217
-0.00348760
-0.00351393
-0.00317770
-0.00316880
-0.00308426
-0.00305829
-0.00304043
-0.00299334
-0.00291789
-0.00276189
-0.00253834
-0.00220734
-0.00176683
-0.00124940
-0.00051658
0.00040856
0.00147972
0.00289674
0.00430378
0.00592160
0.00752700
0.00913278
0.01066472
0.01203321
0.01325217
0.01419589
0.01501816
0.01525803
0.01584322
0.01635971
0.01705475
0.01845341
0.01960841
0.02122656
0.02275789
0.02430618
0.02574185
0.02693132
0.02789274
0.02842269
0.02869837
0.02832986
0.02796459
0.02722859
0.02645343
0.02579372
0.02493118
0.02417783
0.02338048
0.02260008
0.02183098
0.02107298
0.02032629
0.01959541
0.01887083
0.01816196
0.01745944
0.01676810
0.01609211
0.01542269
0.01476844
0.01412086
0.01348818
0.01286229
0.01225107
0.01164671
0.01105678
0.01047379
0.00990497
0.00934315
0.00879526
0.00825441
0.00772409
0.00721024
0.00669143
0.00617798
0.00565921
0.00512609
0.00460308
0.00407230
0.00354400
0.00301962
0.00250301
0.00199279
0.00149478
0.00100952
0.00053967
0.00008746
-0.00034722
-0.00076260
-0.00115722
-0.00152995
-0.00188176
-0.00221012
-0.00251814
-0.00280203
-0.00306674
-0.00330893
-0.00353195
-0.00373592
-0.00392254
-0.00409075
-0.00424503
-0.00438311
-0.00451404
-0.00463620
-0.00475389
-0.00487284
-0.00498523
-0.00509679
-0.00520538
-0.00531301
-0.00541767
-0.00552125
-0.00562194
-0.00572143
-0.00581804
-0.00591335
-0.00600582
-0.00609688
-0.00618511
-0.00627185
-0.00635580
-0.00643814
-0.00651773
-0.00659563
-0.00667078
-0.00674418
-0.00681484
-0.00688367
-0.00694979
-0.00701400
-0.00707586
-0.00713537
-0.00719155
-0.00724790
-0.00729742
-0.00734323
-0.00738426
-0.00741754
-0.00745031
-0.00747820
-0.00750533
-0.00753108
-0.00755667
-0.00758238
-0.00760843
-0.00763521
-0.00766234
-0.00769025
-0.00771785
-0.00774556
-0.00777178
-0.00779783
-0.00782025
-0.00784041
-0.00785684
-0.00786897
-0.00787797
-0.00788285
-0.00788419
-0.00788178
-0.00787591
-0.00786616
-0.00785363
-0.00783797
-0.00781904
-0.00779753
-0.00777206
-0.00774346
-0.00771125
-0.00767553
-0.00763667
-0.00759429
-0.00754942
-0.00750170
-0.00745151
-0.00739897
-0.00734386
-0.00728642
-0.00722657
-0.00716439
-0.00709989
-0.00703317
-0.00696426
-0.00689318
-0.00682000
-0.00674479
-0.00666755
-0.00658834
-0.00650722
-0.00642417
-0.00633923
-0.00625243
-0.00616380
-0.00607333
-0.00598108
-0.00588703
-0.00579126
-0.00569374
-0.00559451
-0.00549363
-0.00539107
