-0.01727564
-0.00059071
0.00720513
-0.06006273
-0.10305423
-0.07177942
-0.05507707
-0.05693289
-0.04762951
0.00341637
0.02743098
0.06094120
0.06437043
0.01222980
-0.00995123
0.03208428
0.00643762
-0.05318863
-0.05818058
-0.10222912
-0.04115046
-0.01285590
-0.00812701
0.02668284
-0.00979354
-0.00794102
0.02070012
0.03828620
-0.00201951
-0.05083310
-0.07114275
0.00126820
0.02942426
-0.00525003
0.03103268
0.02219402
-0.06132690
-0.09458038
-0.05682465
-0.05774458
-0.04967138
-0.05551223
-0.03213866
0.00022806
0.02999551
0.04028678
-0.00421219
-0.00033223
0.03868839
0.10993835
0.10297131
0.03911726
-0.04107689
-0.07138437
-0.00900608
-0.01895356
0.01301461
0.03358124
0.07520101
0.06556527
-0.00158092
-0.01199625
-0.00347241
0.03199610
0.03523486
0.13161022
0.13495314
0.02103944
0.03191981
0.00590963
-0.00128273
0.05220652
0.04052636
0.00086187
-0.00149604
0.02927660
-0.04824885
-0.05291133
-0.01117021
-0.01234981
-0.00949205
-0.00769129
0.05641992
0.00284134
-0.05499976
-0.02918281
0.00536731
0.05066063
0.02194730
-0.03804237
-0.05384655
-0.05493944
-0.05476749
-0.01016726
0.14687237
0.15964168
0.10043176
0.06307194
0.00013645
-0.08090643
-0.06214182
0.11073543
0.07015282
0.04076374
-0.07498658
-0.13353808
-0.08380876
0.00688321
0.07721519
0.00766054
0.05614227
0.05964117
-0.01746816
-0.05160502
-0.09702206
-0.02778186
0.02515309
0.11362722
0.15505668
0.01014385
-0.08891981
-0.12645278
-0.01224703
0.07964056
0.12112202
0.10562981
0.05562097
0.03418546
0.03352585
-0.02812712
-0.05512482
0.01487790
0.04364074
0.03024529
0.04296278
0.10878956
0.13100260
0.02225281
-0.05884189
-0.01833082
0.03162381
-0.00708738
-0.07742163
-0.00650042
0.11446320
0.08346281
-0.03648051
-0.03596176
0.00272988
-0.01676484
0.01229265
0.04465973
0.03102180
0.03024104
-0.07176821
-0.05707545
0.02285618
-0.02217940
0.01808903
0.07442042
-0.01823193
-0.09653678
-0.02707110
-0.04247631
-0.05320325
0.10156679
0.15266512
0.13375965
0.12585722
-0.12614047
-0.21116922
-0.19437818
-0.20264456
-0.11720343
-0.06733528
0.06062889
0.06090517
0.00840121
-0.03925098
-0.09612134
-0.07749504
0.07623529
0.04513107
-0.09754608
-0.05672304
-0.09862233
0.01055860
0.15772181
0.04254360
0.02135090
0.11954605
0.06671305
-0.00963376
-0.10226854
-0.05742548
-0.01980789
-0.05129323
0.01210795
0.03208581
-0.04781302
-0.12518215
-0.05465925
-0.09006063
-0.14625523
-0.05953107
-0.02475515
-0.00018540
0.11091894
0.01551175
-0.10268144
-0.08684464
-0.06350522
0.02025613
0.13285060
0.13693911
0.03382116
-0.08898115
-0.18047230
-0.18861634
-0.19759298
-0.11991443
-0.01771640
-0.03551284
-0.05405435
0.02319176
-0.00209020
0.03244315
0.14529759
0.20511174
0.18955088
0.07827172
-0.07899539
-0.22446171
-0.18067620
-0.14782338
0.00741470
0.19429322
0.15410941
0.05658830
-0.09288122
-0.10024621
-0.06555695
-0.04474706
0.06687719
0.14017260
0.19468403
0.13552728
0.12899403
0.14068931
0.05328769
0.03365464
-0.02683713
0.09355511
0.10991168
-0.09980630
-0.09982431
-0.16444009
-0.10786573
-0.00807627
0.03032124
0.11167404
0.10410108
0.07072731
0.12277904
0.13946490
0.08848602
-0.00028448
-0.04124783
0.08609276
0.07992330
-0.04449015
0.04982380
0.11267077
0.07621252
0.02960029
-0.09178085
-0.10936914
-0.23257007
-0.24600019
-0.06237851
0.00301561
0.04236621
0.03708065
-0.01436603
-0.09608413
-0.20587296
-0.15141285
-0.01216800
-0.02317171
-0.04529980
-0.03110914
-0.09925951
-0.08193255
-0.01634777
-0.06356639
-0.02196327
0.09870626
0.12395213
0.00146203
-0.06388141
-0.02972909
-0.08751750
-0.06554658
-0.08299622
0.06489513
0.23827583
0.08655357
0.05650674
0.14186241
0.15884291
0.13612572
0.05950218
0.02621507
0.00753519
-0.07433869
-0.15496510
-0.05337333
0.01888253
-0.09400793
-0.02852710
0.25351555
0.30116664
0.16001397
0.01730249
-0.10877443
0.00934792
-0.03759345
-0.09843151
-0.00442922
-0.11659190
-0.11922627
-0.17717084
-0.23707283
-0.16712170
-0.12615950
-0.09803714
0.02336015
0.04015017
-0.04309260
-0.10046506
-0.26256695
-0.14172342
0.08734844
0.14806415
0.15949997
0.03973031
-0.04782695
-0.01918481
0.05470003
0.04601837
0.02577906
0.01714940
0.08032583
0.07746632
-0.00109802
0.09659506
0.04381440
0.03693486
0.11369620
0.06543801
0.01340247
-0.03768011
-0.12863364
-0.18884743
-0.14993033
0.04947649
0.22905962
0.22878266
0.14569587
0.03412242
0.06236611
0.13850352
0.12049962
0.13689136
0.09142301
-0.08535465
-0.07942902
0.13545133
0.04075507
-0.05860248
0.02049809
0.07551314
0.03486206
-0.00046958
0.12624752
0.18101942
0.15125058
0.00276911
0.02496551
0.05856357
0.01172636
0.02125625
-0.11868271
-0.23164233
-0.23507293
-0.23207562
-0.07047855
0.04235907
0.03563552
0.06561217
0.00572719
0.07834716
0.20530714
0.24822778
0.24852174
0.28674592
0.29171934
0.23327182
0.17830757
0.06579908
-0.01402995
-0.02229563
-0.08987406
-0.06384811
-0.05478601
-0.17055263
-0.12511996
-0.12789264
-0.05449290
-0.02318207
-0.06147660
-0.03818850
-0.00620183
0.03545371
-0.20035920
-0.21865740
-0.02671903
-0.11143463
-0.08925540
-0.02162565
0.02545333
-0.10112586
-0.29386197
-0.24707745
-0.26684882
-0.25201690
-0.18215106
0.01642355
0.29999082
0.23665824
0.07403726
0.00188446
-0.07522412
-0.09984708
-0.19445634
-0.16973024
-0.02934151
-0.00863512
-0.24751584
-0.35002583
-0.21575354
-0.00494539
0.15491973
0.20936302
0.27146542
0.29823560
0.22289509
0.19546564
0.35718437
0.38766380
0.21558193
0.09161943
0.13970346
0.07217719
-0.03882432
-0.01123885
0.03729576
0.04422661
0.06722025
0.08926083
-0.06060663
-0.06166385
-0.06251308
-0.10299085
-0.01945430
-0.00502049
-0.02383863
-0.17415654
-0.21198312
-0.12993672
-0.09483100
-0.08316970
-0.09029154
-0.12877671
-0.15698641
-0.01569645
-0.03006127
-0.08585675
0.07461497
0.11625326
-0.06580910
-0.31558736
-0.33302069
-0.28857421
-0.32499728
-0.36407104
-0.36185364
-0.20666646
-0.14172325
-0.06624392
0.11335739
0.10024026
-0.07492575
-0.09570182
0.00206094
0.02533184
0.02623274
0.00271889
-0.03526357
-0.06082208
-0.11136717
-0.16901660
-0.25671166
-0.20928656
0.02940251
0.18779565
0.39264232
0.45928486
0.38364870
0.33570365
0.24923878
0.20163866
0.10947262
0.18822724
0.22835787
0.24104206
0.30785621
0.14234259
0.04402509
-0.04730939
-0.09327984
0.07869736
0.06712238
-0.09049051
-0.13299554
-0.05120878
0.07947659
0.16476344
0.18287150
0.11726800
-0.02584176
-0.19896250
-0.17654045
-0.03341421
0.13624127
0.29818632
0.28768555
0.32242646
0.44737719
0.32889004
0.16800237
-0.03852663
-0.38007368
-0.48235938
-0.52025392
-0.65844276
-0.55085569
-0.43217825
-0.35794559
-0.27073648
-0.25690876
-0.16181422
-0.08404749
-0.04791939
0.05036328
0.26915967
0.25391145
0.05949488
-0.05069207
-0.08203807
0.09622941
0.39861485
0.47709200
0.45051213
0.55868880
0.79599101
0.83915464
0.51008448
0.14403597
-0.05672287
0.06242235
-0.01135902
-0.41046815
-0.64305861
-0.59864611
-0.29253663
-0.14743377
-0.17754975
-0.16746459
-0.07566250
0.03161328
0.00886196
0.04738143
-0.01725101
-0.11005815
0.05240634
0.36660958
0.44179376
0.22594337
-0.00080716
-0.18446361
-0.17851997
0.04124715
0.26985122
0.27707773
0.21078181
0.07418695
-0.06381090
-0.09245355
-0.13149298
-0.30345370
-0.49627545
-0.50466248
-0.33091714
-0.13379754
-0.07053411
-0.04275786
0.08834363
0.13131627
0.12610071
-0.15237287
-0.37134342
-0.14556300
-0.03492561
0.03149145
0.04239051
0.15583507
0.06493387
-0.20750924
-0.43975308
-0.68154276
-0.64858596
-0.47728400
-0.29945049
-0.12735163
0.07526133
0.21485299
0.20097430
0.08801450
0.09851511
0.16621452
0.17929648
0.12114513
0.13211368
0.20773183
0.14601056
0.22672328
0.37882480
0.44295599
0.61164125
0.71919433
0.59978795
0.38638094
0.31266822
0.22994658
-0.04185612
-0.23473140
-0.22707161
-0.06018864
0.22107529
0.33942310
0.11650202
-0.12991514
-0.16432795
-0.11383503
-0.08597195
-0.28231282
-0.53105205
-0.47790759
-0.20556711
0.10634838
0.47683203
0.88602581
0.91714583
0.69581906
0.44803306
0.20175591
0.09796220
-0.01711100
-0.14987579
-0.17131046
-0.12223785
-0.19407913
-0.39048779
-0.44744345
-0.51327210
-0.51491858
-0.26162222
0.00487858
0.09217556
0.00921066
-0.12033123
-0.22192317
-0.17785900
-0.02897925
-0.05633972
-0.26103261
-0.51335705
-0.65641567
-0.70222997
-0.70538360
-0.73527343
-0.84036613
-0.73757748
-0.45574212
-0.32453681
-0.26227809
-0.01638095
0.16105487
0.09139752
-0.05165990
-0.12142107
-0.00549868
0.13393738
0.24121367
0.48407892
0.43602853
0.13648493
-0.06990526
-0.18062862
0.00592106
0.41582559
0.63210926
0.65046013
0.51062481
0.41040188
0.51871789
0.35117615
0.08800329
-0.19251420
-0.32815601
-0.03535244
0.39945253
0.51750469
0.25095323
0.04834095
0.12522395
0.28805257
0.35296197
0.31243203
0.19176318
-0.11516258
-0.37083197
-0.16837568
-0.04359878
-0.04216044
-0.04595516
-0.09007133
-0.01890632
-0.00086809
0.05120181
0.30995637
0.58195022
0.72391628
0.54868078
0.24626016
0.14563861
0.09913105
0.09074471
0.04151680
-0.07426681
-0.20831294
-0.40595350
-0.51359324
-0.48545184
-0.27400226
-0.15383482
-0.16487236
-0.09524950
-0.00923472
0.14333592
0.31955829
0.39789781
0.06156682
-0.36301416
-0.39328460
-0.19415559
0.01618618
0.01897599
-0.30463631
-0.64029069
-0.73408572
-0.49397480
-0.09869556
0.17901612
0.30180042
0.21096872
0.23756729
0.37332973
0.36078317
0.34434046
0.23839817
0.19871782
0.21271885
-0.00964686
-0.11317966
-0.15486995
-0.19269601
-0.12212044
-0.19257537
-0.16010232
0.00071622
-0.04040233
-0.18385871
-0.26429329
-0.28602208
-0.18567681
-0.06055362
0.02445627
0.20196150
0.32802008
0.33907648
0.28106224
0.00387183
-0.26427460
-0.25555793
-0.20944968
-0.13835332
0.01685113
0.27118676
0.46369756
0.35706373
0.09170745
-0.29802660
-0.61716860
-0.83369525
-0.84100672
-0.43247220
-0.10652034
0.02510110
0.01940044
-0.07456757
-0.05760355
-0.07999076
-0.28083626
-0.55587839
-0.57039937
-0.40258068
-0.11532111
0.40274210
0.69786824
0.59676175
0.33260100
-0.07427089
-0.30020662
-0.18093956
0.10592053
0.27969952
0.47725342
0.73080975
0.82940489
0.76979855
0.54987528
0.11992259
-0.39043002
-0.54793825
-0.35464753
0.06168492
0.49414981
0.81630611
0.89001883
0.59678214
0.23402795
0.08379618
0.12273180
0.43696986
0.82492082
1.00000000
0.91148934
0.45946157
0.06801206
-0.26845792
-0.40172430
-0.27932061
-0.19845275
-0.11890088
-0.12915868
-0.26674007
-0.47292227
-0.50373134
-0.24234191
0.11661841
0.20812604
-0.08963278
-0.38491457
-0.40281346
-0.39860296
-0.50040270
-0.64370259
-0.72673688
-0.64898696
-0.64273068
-0.57388773
-0.29972915
0.00095862
0.14245677
-0.04903148
-0.30811448
-0.43296156
-0.35831260
-0.36039237
-0.55110037
-0.60904494
-0.42843671
-0.10782257
0.00943413
-0.18754758
-0.23090150
-0.12821650
-0.11586161
-0.11593076
-0.08682000
-0.07841581
-0.01036977
0.14211422
0.19437478
0.21364319
0.24462557
0.17519302
0.15105636
0.31809532
0.42389827
0.37782399
0.23371021
0.02012937
-0.13446820
-0.22412188
-0.21705170
-0.02244396
0.16355178
0.18464032
0.01444730
-0.10528692
0.08498882
0.29763410
0.28099937
0.06494135
-0.10422886
-0.22869430
-0.26475206
-0.02670408
0.21034003
0.26071147
0.24629414
0.31879367
0.37419120
0.39936757
0.42969239
0.40375309
0.45450514
0.50323179
0.41094391
0.30463971
0.20254431
-0.07920388
-0.31116956
-0.29696123
-0.24570454
-0.14004058
-0.11978428
-0.13738905
-0.10025555
-0.06159724
0.15638542
0.32541697
0.25874045
0.24992184
0.35742225
0.27449161
0.10395308
-0.02806646
-0.06279090
-0.15322398
-0.21373155
0.00341894
0.19885885
0.27490960
0.27558587
0.04244182
-0.24725926
-0.36106863
-0.37056351
-0.27144843
-0.10175829
0.07838081
0.22758985
0.38142620
0.44600597
0.28317769
0.03731530
-0.13452342
-0.22166490
-0.22124861
-0.14197353
-0.09537915
-0.11272395
-0.07188239
-0.09300458
-0.25744400
-0.37678071
-0.34898594
-0.15838108
0.03743951
0.02551824
-0.06073883
0.02090946
0.20148234
0.28541718
0.28739329
0.28973303
0.29628157
0.39226171
0.47527730
0.44311740
0.31376757
0.21175883
0.14518630
0.05717910
-0.00502715
-0.05089342
-0.13439530
-0.24451343
-0.23543315
-0.06601963
0.09807401
0.16402346
0.09920072
-0.10925122
-0.33731785
-0.56848612
-0.75241960
-0.72441923
-0.39643993
0.10641074
0.38353315
0.30443241
0.03746449
-0.23924095
-0.26883683
-0.13532678
-0.00394788
0.06338781
0.16102955
0.25766659
0.26478774
0.36073220
0.40174639
0.21653175
-0.03501465
-0.16050162
-0.15549371
-0.14310415
-0.29962551
-0.33440210
-0.16625326
0.05571477
0.16702808
0.10814881
0.02852829
-0.04676039
-0.15181810
-0.27988643
-0.31511330
-0.23838628
-0.07070607
0.12679516
0.23408912
0.12447377
-0.04720880
-0.13384716
-0.16950731
-0.20376431
-0.19428642
-0.10021324
0.01550142
0.02653943
-0.04542231
-0.02745324
-0.00965752
-0.10591272
-0.11779932
-0.10925648
-0.19877049
-0.26522273
-0.37799051
-0.45989825
-0.50624949
-0.53400858
-0.53704157
-0.52104743
-0.35700595
-0.20098789
-0.03280422
0.04210369
0.00836684
-0.01736451
-0.05588383
0.00098589
0.13130777
0.16767885
0.08738242
0.03803336
0.06109684
0.08410815
0.02133017
-0.06927623
-0.00246034
0.03501974
-0.05085620
-0.08811051
-0.09518001
-0.06956950
0.03633778
0.15473809
0.16458044
0.12633842
0.01987722
-0.10160706
-0.05631219
0.04891917
0.18918726
0.37338071
0.44262295
0.38724411
0.27255118
0.15520859
0.15368394
0.22140153
0.25415103
0.27333279
0.31129700
0.25420371
0.15288822
0.15827726
0.19229162
0.24900599
0.32424286
0.33909347
0.26768480
0.15185004
0.09558713
0.14621887
0.12495803
0.08202023
0.09071888
0.04467944
-0.04152564
-0.11702230
-0.12686414
-0.06957868
0.04057377
0.17611057
0.21823601
0.21582660
0.25282230
0.21547998
0.11978003
0.04310517
-0.06002926
-0.12447071
-0.14204082
-0.09218882
-0.11469718
-0.10433505
-0.10745385
-0.13126189
-0.04153889
0.01214257
0.03527530
-0.01100683
-0.06581420
-0.08631263
-0.10445450
-0.12682438
-0.09267121
-0.08175465
-0.01143859
0.03778971
-0.01123026
-0.08721199
-0.12261235
-0.05054628
-0.01965072
-0.00580567
0.05059623
0.08769506
0.08400450
0.03448196
-0.04796288
-0.17033174
-0.29386028
-0.32768364
-0.22695777
-0.07180491
0.00163012
0.06783942
0.13356357
0.07716217
-0.03707912
-0.11907369
-0.13529229
-0.12158572
-0.03868992
0.12760429
0.30878225
0.32488004
0.23758428
0.10850988
-0.01597209
-0.13348830
-0.21420051
-0.12927728
-0.02021654
0.04827995
0.00021315
-0.15778060
-0.26716996
-0.23726314
-0.16342893
-0.05060796
-0.00442953
-0.05367459
-0.10064993
-0.12965619
-0.09997366
-0.08283650
-0.12944771
-0.16746459
-0.09297264
-0.01782209
0.03085155
0.06517787
0.03393619
-0.01745745
-0.09071888
-0.13317157
-0.03298263
0.04854450
0.01964206
-0.06297627
-0.12863075
-0.10792401
-0.05420796
-0.01218805
0.00744440
-0.00638291
-0.06997543
-0.09452855
-0.06586840
0.00365055
0.07400124
0.23287932
0.37955883
0.39952050
0.30596845
0.16164567
0.07427956
-0.03180053
-0.11024284
-0.15136136
-0.13372159
-0.00733309
0.06760936
0.14400742
0.21262540
0.23172050
0.16755634
0.10221366
0.19656329
0.27822805
0.31473779
0.31035397
0.27576938
0.24329684
0.21559042
0.17551077
0.12579826
0.09452193
0.09641071
0.08322459
0.04726980
0.05468610
0.04004448
0.00887207
0.03857183
0.05565716
0.09171628
0.09081539
0.12207474
0.12713465
0.02897330
0.00783371
0.04274920
0.04477663
-0.02203871
-0.03697513
-0.00036148
-0.02987046
-0.03628154
-0.04698978
-0.09739605
-0.18068979
-0.24864917
-0.29347627
-0.29817103
-0.23376458
-0.21278002
-0.21546638
-0.21816804
-0.24987766
-0.28923008
-0.30709499
-0.30191257
-0.31554998
-0.34883642
-0.28463726
-0.19545034
-0.07741450
0.04129778
0.13244162
0.17898384
0.12358749
0.09908619
0.07539947
0.01759441
0.01139117
0.13277193
0.23665144
0.26739085
0.27144673
0.23684345
0.20591204
0.13119597
0.06243968
0.03166595
-0.00792778
-0.07767158
-0.06698033
-0.04237487
-0.02636391
0.00610838
0.04362290
0.02310714
-0.05757058
-0.10782070
-0.17740872
-0.27207032
-0.33907648
-0.27626213
-0.17986910
-0.12053836
-0.09127178
-0.14800264
-0.22972059
-0.26087459
-0.23431171
-0.18468450
-0.19289821
-0.22353397
-0.18426821
-0.18690190
-0.21812726
-0.21616813
-0.21883751
-0.21753765
-0.21805759
-0.21873216
-0.21682571
-0.22169548
-0.18093956
-0.14313117
-0.18218844
-0.17525589
-0.16901830
-0.17104539
-0.14319981
-0.10494012
-0.08840939
-0.06603917
-0.00060968
0.04863575
0.15721121
0.21950527
0.22511928
0.18767331
0.18476266
0.21460151
0.18621884
0.16379662
0.17812746
0.21915865
0.22468600
0.20378979
0.13979828
0.06558397
0.06492554
0.14724958
0.20883288
0.26112776
0.26194166
0.22966112
0.21607638
0.18334387
0.16015941
0.19323804
0.22643782
0.18771070
0.08651721
0.00194077
0.01055275
0.09268616
0.18474907
0.19904406
0.17592876
0.17549547
0.17676134
0.16802769
0.12136432
0.02687638
-0.07849329
-0.12096332
-0.07747074
0.01013821
0.04155350
0.04692504
0.09596264
0.12008282
0.08428401
0.11595914
0.16348908
0.17747329
0.17376404
0.17868649
0.16882629
0.13540137
0.12947540
0.10812774
0.04753283
-0.00062079
-0.00275202
-0.04037038
-0.04908619
-0.06078215
-0.03603822
0.02422773
0.07806493
0.05943778
0.00206578
-0.00138235
-0.00437996
-0.02475719
-0.06748736
-0.09030785
-0.09247360
-0.06452403
-0.00917924
0.05661413
0.03753636
-0.00080972
-0.00425786
-0.00001249
0.05327019
0.04925033
0.00151257
-0.03917282
-0.05228978
-0.04286338
0.02208085
0.11142257
0.16266057
0.13601069
0.05536763
0.04843661
0.08087415
0.08387197
0.08369882
0.08421859
0.08357750
0.08409744
0.08378565
0.08357784
0.08513733
0.06070535
0.01073230
-0.04093892
-0.06343012
-0.06091758
-0.04648343
-0.07425985
-0.15483358
-0.22279314
-0.26368669
-0.27420446
-0.26257714
-0.23064153
-0.20038809
-0.17853696
-0.18408300
-0.17848599
-0.18669800
-0.21010895
-0.18805053
-0.19524135
-0.16398183
-0.13689850
-0.14296312
-0.08588563
-0.05067575
-0.03551386
-0.03865016
-0.09401218
-0.13350189
-0.13698482
-0.13513070
-0.07134733
-0.04783358
-0.05095255
-0.08796438
-0.11605259
-0.09733861
-0.07968168
-0.04916758
-0.02192844
0.03712449
0.08524352
0.12518402
0.17179471
0.13499154
0.08818952
0.08240203
0.04547668
0.02969120
-0.01986600
-0.02565332
-0.03145815
-0.05164495
-0.04556283
-0.05167944
-0.08513919
-0.13190672
-0.12991395
-0.07768823
-0.02139049
0.02005733
0.05585648
0.08746228
0.06758744
0.03736798
0.03884080
0.01496323
0.00863864
0.01816889
0.03705618
0.04241039
0.03534071
0.00591831
-0.00945134
0.02281285
0.03885830
0.04540820
0.08117269
0.11409534
0.08273217
0.04355426
0.04064327
0.04008866
0.04010616
0.04038330
0.03996751
0.04046995
0.03995018
0.04053928
0.07198910
0.09695834
0.14138665
0.18642104
0.22263682
0.18964433
0.11832351
0.07973469
0.05206226
0.02789026
-0.00435663
-0.00253723
-0.00492845
-0.00352490
-0.00432197
-0.00397541
-0.00472049
-0.04748525
-0.10317657
-0.13758938
-0.13637635
-0.14138410
-0.11627620
-0.06822649
-0.04717329
-0.02114717
0.02629612
0.03534122
0.00422060
-0.01390420
-0.04576978
-0.05029242
-0.03435096
0.00371806
0.03603414
0.04024481
0.03045463
-0.02558315
-0.04724278
-0.05431245
-0.03790321
-0.00747572
-0.00193087
-0.01939721
-0.05024060
-0.08480922
-0.09200038
-0.09917404
-0.13100498
-0.10232767
-0.07179624
-0.04674051
-0.05060456
-0.07600692
-0.09979797
-0.10335005
-0.09981530
-0.08208904
-0.05789954
-0.01827118
-0.02279382
-0.05407032
-0.04876794
-0.05134981
-0.00780537
0.03664023
0.08434331
0.11825351
0.13022694
0.12040209
0.09110102
0.06065625
0.00683631
-0.03256684
-0.05197391
-0.04843916
-0.01842767
-0.00262477
-0.01996982
-0.00174112
-0.02269034
-0.05119451
-0.05259801
-0.04523387
-0.00127346
0.03223823
0.03929057
0.00806606
0.03412684
0.03547835
0.05218222
0.08659503
0.05623692
0.03781740
0.03790406
0.03755743
0.03734945
0.03786923
0.03766125
0.07765357
0.06273448
0.03428231
0.04135198
0.03239353
0.05280547
0.08162144
0.08000979
0.08305943
0.07839831
0.10054305
0.12977479
0.09042357
0.08255665
0.08007877
0.08290311
0.08997278
0.08359619
0.07815516
0.04654936
0.03279113
0.07184773
0.12353618
0.12980878
0.12272177
0.12972195
0.10263879
0.08162025
0.07520883
0.03379567
0.05829697
0.07257497
0.08210501
0.07931517
0.08321388
0.07706260
0.03343137
-0.01622995
-0.03827091
-0.07140153
-0.07769146
-0.06594334
-0.08639011
-0.04982873
-0.05701989
-0.05043532
-0.05604967
-0.04934396
-0.07774413
-0.09994087
-0.09443085
-0.10188181
-0.07167968
-0.04608668
-0.01027044
-0.00959473
-0.00358209
-0.02754635
-0.05177052
-0.05267175
-0.04107961
-0.00566182
-0.00975123
-0.00755069
0.00913581
0.04412042
0.06971325
0.09147687
0.12381025
0.09748933
0.07917380
0.05938562
0.01757368
-0.02314639
-0.07233997
-0.07355300
-0.02500085
-0.00992576
-0.04388814
-0.08537079
-0.07743472
-0.04406162
-0.02718460
-0.04544814
-0.05433726
-0.05922386
-0.06539247
-0.05484004
-0.05388716
-0.05257031
-0.01687537
-0.00673876
-0.00838499
-0.00672162
-0.04267664
-0.05433828
-0.05080353
-0.08911522
-0.09420962
-0.09810850
-0.09162810
-0.06780255
-0.09511119
-0.09280663
-0.12181324
-0.10644370
-0.09467842
-0.08783405
-0.03598962
-0.01017144
-0.00703523
-0.00814430
-0.00752061
-0.00743409
-0.00779808
0.03304329
0.01949287
-0.00691469
-0.02015316
-0.06019765
-0.09033062
-0.06298766
-0.00447202
-0.03462231
-0.04888315
-0.08355592
-0.09544287
-0.09902978
-0.08303649
-0.05538156
-0.02706821
-0.00556470
-0.00979277
-0.00705511
-0.00821618
-0.00916932
-0.02098694
-0.00669170
-0.00991477
-0.00631073
-0.01093734
0.00091469
0.03427042
0.03556993
0.00609531
-0.01031416
-0.00683140
0.02491283
0.04019571
0.06838774
0.09462184
0.06500863
0.07991039
0.09902265
0.09929978
0.10569353
0.10749548
0.11290168
0.11427035
0.11808240
0.11848085
0.12260470
0.11832453
0.08597365
0.07646059
0.09491443
0.09649108
0.06770978
0.04090358
0.03168515
0.03960372
0.01686968
-0.00919132
-0.01016181
-0.00295362
0.03651874
0.01588132
-0.01782124
-0.05800421
-0.07489890
-0.05375921
-0.05911359
-0.02629510
-0.01045775
-0.01108168
-0.00875991
-0.04111087
-0.04447265
0.00945107
0.02603360
0.05209421
0.05121048
0.03024376
0.03684549
0.03171625
0.06529732
0.08051087
0.07422077
0.03623821
0.03493852
0.00764727
-0.02075296
0.01045407
0.02471454
0.02182071
0.02159540
0.01875340
0.01946364
0.01669113
0.02091897
0.01199503
-0.02080649
-0.02205418
-0.01867541
0.02086613
0.02483416
0.02880203
0.00492427
-0.02441175
-0.01657972
-0.03146443
0.00592866
-0.01252550
-0.03409863
-0.05825364
-0.09008475
-0.08703528
-0.09609772
-0.09206053
-0.10160825
-0.06735160
-0.06939636
-0.10512635
-0.09136830
-0.12441243
-0.13758156
-0.10737960
-0.07932622
-0.05161929
-0.05350824
-0.05229539
-0.05200109
-0.05624643
-0.05479111
-0.05021681
-0.05000901
-0.04685554
-0.04553887
-0.04311316
-0.04051413
-0.03791510
-0.03531608
-0.03419005
-0.03237076
-0.03190299
-0.03126206
-0.03037850
-0.02999755
-0.03030952
-0.03025769
-0.02954745
-0.02869855
-0.02807496
-0.02712207
-0.02535478
0.01039201
0.02364747
-0.01750588
-0.00170323
0.02466934
0.05454218
0.07523125
0.10579718
0.10274736
0.07400039
0.07413887
0.07020533
0.07195529
0.06840286
0.09751329
0.12286348
0.15582062
0.15817701
0.15964967
0.15543899
0.11792421
0.11565414
0.11317609
0.11690132
0.13963516
0.13460991
0.11972531
0.08877776
0.06864278
0.07150178
0.06895441
0.07086018
0.06919654
0.07066936
0.06917887
0.07073818
0.06897055
0.07104981
0.06836378
0.07248763
0.05793216
0.01170165
-0.01758234
-0.04263841
-0.07259825
-0.04608702
-0.02520730
-0.00100065
0.01379702
-0.01531370
-0.02028689
-0.00015233
0.02798762
0.02270257
0.02968542
0.00133710
-0.02091183
-0.01550580
-0.02162259
-0.01386004
-0.03245283
-0.06166758
-0.06629421
-0.04870677
-0.02105201
-0.01706682
-0.01406929
-0.02756776
-0.06004013
-0.09928754
-0.10526568
-0.10913007
-0.09408983
-0.06295215
-0.06210325
-0.02427701
-0.01819523
-0.01812607
-0.01719052
-0.01920079
-0.01466110
-0.04221227
-0.06499844
-0.06213961
-0.06508543
-0.10046880
-0.11755414
-0.14791242
-0.16283184
-0.15770312
-0.16168865
-0.15413387
-0.12247642
-0.11237460
-0.11523377
-0.09092329
-0.09934464
-0.10322635
-0.09248328
-0.05711759
-0.03112630
-0.01783619
0.01532887
0.01570989
0.04967206
0.06779660
0.04002002
0.01265941
-0.02149362
-0.02667486
-0.02639789
-0.02629408
-0.02501206
-0.02423249
-0.02525504
-0.02319312
-0.02755995
-0.00468759
0.02251669
0.01712765
0.02196174
0.04505954
0.09993611
0.10324556
0.12618720
0.15058434
0.12093647
0.09749188
0.06624986
0.06498467
0.06543512
0.06394462
0.06659564
0.06295656
0.06874388
0.05387645
0.02223582
0.02197567
0.02098779
0.02155955
0.02128208
0.02209631
0.01982607
0.03878235
0.07908647
0.10493927
0.06855086
0.07106306
0.10324046
0.06903546
0.06877532
0.05997251
0.02566352
0.02147001
0.02051678
0.02318513
0.02198927
0.02382571
0.02167696
0.02522888
0.01597572
-0.01881848
-0.01959839
-0.02169531
-0.01972022
-0.02183431
-0.03070627
-0.02505760
-0.01961691
-0.02583785
-0.01019112
-0.01386481
-0.02157586
-0.02311819
-0.01329359
0.02006209
0.02597056
0.00159029
-0.02230480
-0.01627498
-0.02190669
-0.01523572
-0.03129877
-0.06191702
-0.06200385
-0.06321687
-0.06297457
-0.06240298
-0.09147908
-0.11105963
-0.10497767
-0.11201302
-0.09634886
-0.06401565
-0.06536749
-0.06134763
-0.06723928
-0.03975767
-0.01471933
-0.01967519
-0.01471974
-0.01910393
-0.01407902
-0.02083707
0.00834261
0.02934355
0.02554866
0.02764507
0.02494172
0.02821650
0.02426563
0.03074586
-0.00243683
-0.01912364
-0.01900249
0.01419715
0.02514800
0.03197503
0.07326669
0.03951214
0.03240763
0.06356265
0.06118842
0.02847358
0.02717373
0.02620317
0.02698274
0.02663612
0.02720771
0.02531876
0.02613300
0.02472915
0.02784795
0.01762448
-0.01765506
-0.01593973
-0.01997730
-0.01538566
-0.02169311
0.00008759
0.02744780
0.02171214
-0.01062153
-0.02412001
0.00700035
0.02186727
0.01859215
0.02042876
0.05492806
0.06078453
0.06062838
0.02623274
0.01651167
0.01587034
0.01826132
0.01569667
0.02635304
0.05785451
0.06563460
0.04132361
0.01746306
0.01767087
0.01510616
0.01495001
-0.01636135
-0.01289600
-0.02369131
-0.04803697
-0.07354348
-0.03848976
-0.03183621
-0.02894255
-0.01664014
-0.02757405
-0.02024475
-0.02173507
-0.01560126
-0.01650249
-0.01272524
-0.01357449
-0.01194589
-0.01449324
-0.01487465
-0.01707548
-0.02055858
-0.02364306
-0.02832168
0.00503393
0.00638530
0.00818719
-0.01848034
-0.04696718
-0.05041561
-0.03210043
-0.00449764
-0.01208736
-0.00649070
-0.01097876
-0.00539944
-0.00884784
-0.00451610
-0.00695948
-0.00248913
-0.00820746
0.00742194
0.03705210
0.05618169
0.08939881
0.06070382
0.04164322
0.04276942
0.04079381
0.04396460
0.00865055
-0.00540239
-0.00167712
-0.00597457
0.00033253
-0.03570926
-0.04603672
-0.05078467
-0.02853611
-0.00225021
-0.00339401
-0.00306497
0.00040039
-0.01524670
-0.04661002
-0.04194907
-0.04522419
-0.05004146
-0.02387686
-0.00102173
-0.00528452
-0.00299744
-0.00398530
-0.00381219
-0.00306728
-0.00443634
-0.00190667
-0.00648136
0.02056708
0.04317942
0.03799836
0.04562230
0.01555861
-0.00327677
-0.03917995
-0.01913197
0.00306466
-0.00726282
0.02312974
0.04352435
0.04277910
0.04290025
0.04229348
0.00058562
0.02428975
0.03955530
0.06293023
0.09113959
0.08429488
0.09011687
0.08446786
0.05007221
0.04156421
0.04414590
0.04310602
0.04324450
0.04440519
0.03967458
0.00359818
-0.00094183
0.00047888
-0.00473692
-0.04029358
-0.04602908
-0.04587343
-0.04800485
-0.04452210
-0.05044841
-0.01409498
-0.00480749
0.02837486
0.04159581
0.04331111
0.03175329
-0.00120409
0.00063249
-0.00200147
-0.00049411
-0.00137798
-0.00108355
-0.00094508
-0.00262603
-0.03832120
-0.04565101
-0.04526989
-0.04728016
-0.04715901
-0.04736699
-0.04788693
-0.01765031
-0.00077327
-0.00657819
0.00102853
-0.00361544
0.02173490
0.04180022
0.04053520
0.00225809
0.02445474
0.01754088
-0.00139847
-0.02253843
-0.04939646
-0.04974326
-0.09462201
-0.07732920
-0.04899852
-0.04742187
-0.04665946
-0.04797648
-0.04619185
-0.05274193
-0.08590721
-0.09639066
-0.06194336
-0.04915569
-0.04726708
-0.04917319
-0.04553445
-0.04884424
-0.04217318
-0.06638019
-0.09032705
-0.08583942
-0.08961698
-0.05510018
-0.03739142
0.00261807
-0.00582064
-0.02560898
-0.02815635
-0.03370120
-0.06579228
-0.06908473
-0.07043641
-0.04508605
-0.01743112
-0.02079289
0.02160798
0.02619960
0.03108603
0.02793223
0.03124167
0.02727347
0.03257568
0.03205574
0.04721746
0.05449494
0.03032277
0.03385752
0.03115417
0.03461959
0.03262682
0.03482740
0.03470591
0.03482723
0.03477507
0.03425512
0.03491355
0.03356187
0.03707929
0.03292061
0.06106065
0.08150725
0.07792034
0.08095265
0.07824929
0.08034588
0.07826645
0.07989526
0.07824895
0.07946181
0.07850875
0.04461572
0.03032022
0.03598622
0.00985605
-0.01138780
-0.01097202
-0.01305143
-0.01093753
-0.01249709
-0.00747215
-0.03971910
-0.05590320
-0.05453436
-0.05524495
-0.05637132
-0.04964828
-0.01360668
-0.01315623
-0.01022791
-0.01452526
-0.01190883
-0.01539177
-0.01121586
-0.01769652
-0.00196300
0.02792730
0.03234578
0.00893594
-0.01776619
-0.00979544
-0.01648399
-0.00721373
-0.03700011
-0.05741222
-0.05744688
-0.05588740
-0.06132843
-0.03478237
-0.01192723
-0.01445714
-0.01400666
-0.01502904
-0.01636332
-0.01362559
-0.01929186
-0.00071655
0.02357679
-0.01367775
-0.01320994
-0.01943068
0.01321472
0.03035183
0.02922546
0.02951992
0.03073295
0.02648761
0.04558271
0.07481445
0.07192062
0.07439850
0.07320280
0.07308165
0.07453698
0.06925210
0.03196280
0.02749232
0.06327396
0.07311615
0.07328929
0.07140068
0.03468314
0.02655643
0.02787327
0.02799459
0.02917295
0.02801192
0.02910363
0.02792526
0.02905163
0.02789060
0.02899964
0.02778661
0.02899947
0.02759597
0.02761330
0.02570736
0.02761330
0.02465031
-0.00685148
-0.02222120
0.00791172
0.02707620
0.02608848
0.02577668
0.02884366
0.01563992
-0.01426768
-0.01563657
-0.01568853
-0.01835699
0.01203582
0.02943292
0.02693772
0.02823723
0.02841054
-0.00655671
-0.01849547
-0.01778505
-0.01754241
-0.01930987
-0.02234218
-0.01847797
-0.01719578
-0.01932703
-0.01600005
-0.02220336
-0.05405163
-0.06254214
-0.05727442
-0.06881474
-0.09879156
-0.06829480
-0.05921502
-0.06214335
-0.05871241
-0.06242048
-0.05840045
-0.06316556
-0.06027173
-0.04906071
-0.03895855
-0.01927419
-0.01788802
-0.04597606
-0.06318255
-0.06108579
-0.03015574
-0.01456077
-0.02171706
0.01753035
0.00378947
-0.01845927
-0.01445647
-0.01736740
-0.01559995
-0.01650093
-0.01639689
-0.01540912
-0.01967162
-0.05774050
-0.06169120
-0.06210699
-0.06233212
-0.06155238
-0.06293838
-0.06058182
-0.06506963
-0.03660013
-0.01636123
-0.01913350
-0.01487086
-0.01724472
-0.01533852
-0.01287789
-0.00884043
0.01898788
0.02843161
0.02775603
0.02801600
0.02867459
0.02621422
0.03477422
0.06542696
0.05802817
0.03966081
0.06213502
0.07185605
0.07556429
0.05021392
0.05413013
0.05038741
0.02623274
0.03037426
0.02680484
0.02872828
0.02834733
0.02713448
0.03023628
0.02457028
0.03465511
0.00968600
0.01037923
0.00753764
-0.02209258
-0.01441627
-0.01982234
-0.01637402
-0.01847049
-0.01736145
-0.01775973
-0.01788088
-0.01744760
-0.01763807
-0.01543724
0.01580477
0.02502328
0.02708537
0.02926896
0.02483314
-0.00296030
-0.01654506
-0.01566117
-0.01552237
-0.01888372
-0.00299410
0.00412777
-0.01477658
-0.01645718
-0.01870956
-0.01708058
-0.01825877
-0.01756535
-0.01782515
-0.01720122
0.02286076
0.01956865
-0.01532918
-0.01453190
-0.01726953
-0.01527659
-0.01700922
-0.01508557
-0.01860285
0.00193065
0.03417764
0.00106468
-0.01709451
-0.01958955
-0.01021501
0.02464861
0.02506457
0.02690152
0.02574083
0.02653807
0.02582800
0.02730100
0.02769979
0.02804658
0.02752698
0.02827240
0.02723286
0.02855004
0.02685225
0.02894900
0.02635015
0.02950412
0.02466985
0.02853424
0.02858641
0.02943581
0.01909136
-0.00433543
0.02267879
0.02652567
0.02467189
0.02848429
0.01479568
-0.01412398
-0.01485148
-0.01926977
0.01760392
0.02136432
-0.01658314
-0.01379311
-0.02023880
-0.05565632
-0.05257167
-0.01405187
-0.02380702
-0.00651374
0.02145352
0.02909530
0.00428231
-0.01961232
-0.01678758
-0.01952498
-0.01739340
-0.01933383
-0.01706359
-0.01799897
-0.01286965
-0.01385701
-0.01733953
-0.01617830
-0.01711371
-0.01635093
-0.01700905
-0.01645424
-0.01693908
-0.01655755
-0.01835936
-0.01823770
-0.01860115
-0.01825436
-0.01858314
-0.01827101
-0.01859979
-0.01827033
-0.01858178
-0.01833880
-0.01826914
-0.01660538
-0.01691692
-0.01660466
-0.01674292
-0.01686385
-0.01622235
-0.01814544
0.01169331
0.02978380
0.02496704
0.02995779
0.02034143
-0.01258091
-0.01985819
-0.01630560
-0.02122635
-0.01372298
-0.03739227
-0.02543566
-0.01808835
-0.01784537
-0.01924853
-0.00801979
0.02613351
-0.00814026
-0.01650914
-0.01635278
-0.01688951
-0.01624798
-0.01692334
-0.01621248
-0.01687051
-0.01752848
-0.01848119
-0.01809956
-0.01804706
-0.01884379
-0.01596689
-0.00137652
0.00789424
0.02839338
0.02182666
0.03932795
0.07315217
0.06895934
0.07528444
0.06773000
0.07887220
0.04919018
0.04785652
0.04498053
0.02368519
0.03130998
0.02405000
0.02850383
0.02408568
0.02876465
0.02263121
0.05858651
0.07232791
0.07250173
0.07104675
0.07534442
0.05626716
0.02665464
0.03020723
0.02669032
0.02928986
0.02728044
0.02897908
0.02750676
0.02901476
0.02733447
0.02972620
0.02305549
0.02407838
0.02633146
0.02801294
0.01950544
0.02186251
0.02603903
0.02959180
0.00699703
-0.01965242
-0.01440159
-0.01698286
-0.01474703
-0.01618468
-0.01530041
-0.01568106
-0.01566316
-0.01521209
-0.01630317
-0.01080972
-0.01394545
-0.01618015
-0.02134325
-0.05085179
-0.05883917
-0.06396756
-0.05637744
-0.07819254
-0.07638974
-0.05892294
-0.06254384
-0.06067188
-0.05873043
-0.06191821
-0.05159024
-0.03317038
-0.02590939
-0.01355412
-0.01610068
-0.01499108
-0.01450527
-0.01667061
-0.01169693
-0.03307676
-0.03499426
-0.01598695
-0.04621123
-0.06796958
-0.04323278
-0.01789957
-0.02115906
-0.01734157
-0.01999548
-0.01598140
-0.01832878
-0.00751636
0.02749300
0.02500595
0.03178353
0.01156959
-0.01580010
-0.01248641
-0.01546244
-0.01206915
-0.01492716
-0.01289045
-0.01500923
-0.01160407
-0.01441772
-0.00962398
-0.01538296
0.00743762
0.02969544
0.02825677
0.01890343
-0.00993351
0.02163601
0.02937821
0.03029508
0.02572996
0.03111560
0.00866948
-0.01007769
-0.00864341
0.00282250
0.01166760
-0.00859067
-0.00376820
-0.00356698
-0.00003865
0.00295508
0.00334013
0.01000603
0.00313747
0.00089065
0.01707803
0.01668228
0.02032919
0.02080224
0.02166048
0.02226028
0.02186438
0.02223955
0.02147680
0.02096927
0.01986600
0.01921982
0.01831468
0.01733392
0.01684146
0.01526359
0.01556966
0.01278070
0.01534534
-0.00110507
-0.01101621
-0.01025892
-0.00911141
-0.01046525
0.00454867
0.00150237
-0.00863696
-0.00742920
-0.00355135
0.01295879
-0.00248804
-0.00691349
-0.00642510
-0.00611901
-0.00561747
-0.00588908
-0.00507306
-0.00496230
-0.00406555
-0.00407909
-0.00295080
-0.00406125
-0.00318930
-0.00175145
-0.00161863
-0.00076472
-0.00025823
-0.00006547
0.00060917
0.00008846
0.00656572
0.01040693
0.00853492
0.00193464
-0.00041668
0.00077208
-0.00005629
0.00100184
0.00063151
0.00558680
0.00489440
0.00039208
0.00101093
0.00089612
0.00099157
0.00306189
0.00583398
0.00413663
0.00100476
0.00266339
0.00377724
0.00271408
0.00250940
0.00158056
0.00138826
0.00045254
-0.00068617
-0.00009504
-0.00046093
-0.00079926
-0.00203071
-0.00239890
-0.00212396
-0.00216404
-0.00173968
-0.00147608
-0.00163487
-0.00188414
-0.00202588
-0.00220397
-0.00228400
-0.00244359
-0.00246471
-0.00237306
-0.00230713
-0.00225716
-0.00222803
-0.00221848
