0.00239539
0.00356815
0.00536260
0.00604395
0.00605886
0.00539457
0.00631273
0.00928377
0.01155125
0.01304885
0.01181460
0.00742572
0.00798281
0.01173126
0.00866993
0.00160839
-0.00044414
0.00015057
-0.00312882
-0.00755770
-0.01132469
-0.01260644
-0.00756108
0.00135183
0.01347105
0.02170710
0.02266953
0.02626742
0.02766977
0.02183137
0.01531257
0.00860341
0.00130768
0.00877380
0.04645724
0.08736683
0.09771246
0.06965256
0.00617517
-0.04465704
-0.05527835
-0.05712611
-0.04599020
-0.02961296
-0.04431750
-0.07391031
-0.08732204
-0.06088881
0.00693166
0.04642332
0.03739670
0.04172797
0.04773914
0.03201695
0.02602165
0.03511402
0.03553312
0.01474928
-0.02142236
-0.04747513
-0.04845480
-0.04898512
-0.04911281
-0.02629677
0.00892532
0.03030928
0.03978783
0.05845023
0.07678820
0.06794917
0.03811184
0.01951519
0.01791591
0.01720878
-0.00174542
-0.03210615
-0.04253979
-0.03503516
-0.01750529
0.01002916
0.03521089
0.05925832
0.08820113
0.11334216
0.12575140
0.10176866
-0.00580128
-0.11969449
-0.11698003
-0.09253845
-0.11312537
-0.07840487
0.00471683
0.06697526
0.11171501
0.13082344
0.11297099
0.02505522
-0.08763937
-0.07213736
-0.02725181
-0.09269092
-0.15045265
-0.14487983
-0.14389925
-0.14936867
-0.12223456
-0.06132431
0.00032940
0.02673650
0.02204902
0.01866073
0.06127285
0.13068383
0.14261802
0.12861642
0.12117631
0.05368884
-0.01283544
0.00342217
0.03122115
0.03737264
0.04898178
0.05598687
0.04580414
0.04126127
0.07699594
0.12943643
0.14507471
0.13731251
0.13066001
0.10543083
0.07342621
0.04756742
0.01464631
-0.01769588
-0.03332797
-0.02699413
-0.00753959
-0.00414810
-0.03293073
-0.06695096
-0.08419209
-0.09526625
-0.09672140
-0.06880825
-0.03200123
-0.02321804
-0.00945535
0.05827870
0.13571109
0.16874202
0.17843298
0.14663182
0.02038461
-0.12596486
-0.26628771
-0.47943548
-0.65580629
-0.66794202
-0.57426766
-0.46950485
-0.40998447
-0.38514599
-0.34225114
-0.28026692
-0.23685176
-0.20524357
-0.20281785
-0.24087223
-0.25652433
-0.22549029
-0.11028321
0.09326412
0.25986249
0.34519002
0.44025663
0.54853818
0.60169338
0.61604948
0.54601765
0.36841802
0.13791572
-0.04154339
-0.03428005
0.03362505
0.11792916
0.27624788
0.38536755
0.47451114
0.56967924
0.59752902
0.59498466
0.49896606
0.29610437
0.06554537
-0.23872239
-0.34733319
-0.24217014
-0.18591263
0.16303198
0.48319960
0.33607082
0.18437601
0.00534949
-0.24221969
-0.30411243
-0.25223704
-0.11390917
0.05532934
0.07362919
0.00978235
-0.03720707
-0.08869332
-0.06352036
-0.04971126
-0.17797271
-0.29133202
-0.29068212
-0.26724399
-0.18627046
-0.02639044
0.04541753
-0.01455445
-0.14290391
-0.25963474
-0.25683499
-0.18741161
-0.05436353
0.15202691
0.23094970
0.18140712
0.06530761
-0.24560788
-0.56385199
-0.55871562
-0.40199928
-0.29622301
-0.11950247
-0.01742629
-0.06341935
-0.05817244
-0.10414959
-0.25544464
-0.30567621
-0.23775134
-0.19448341
-0.19534964
-0.23546856
-0.36773714
-0.45017487
-0.39278479
-0.33204940
-0.24529246
-0.13213993
-0.09343755
-0.12423431
-0.09440431
0.06570308
0.19250700
0.27085041
0.42060074
0.53389621
0.52751625
0.50651813
0.50451695
0.46295241
0.39777345
0.35932979
0.26014170
0.05131459
-0.10746345
-0.34534821
-0.80664297
-1.00000000
-0.84342183
-0.69987040
-0.42358964
-0.12413425
-0.05966761
-0.06244830
-0.06474776
-0.07891803
-0.08666737
-0.07892232
0.05839019
0.27718891
0.43139568
0.60393756
0.73125560
0.70286264
0.62998151
0.35279784
-0.02936620
-0.12498189
-0.05423726
0.18279270
0.50666108
0.64277002
0.76274086
0.84310259
0.75113400
0.56977453
0.34379443
0.16589034
0.09248413
0.14293059
0.26804828
0.36119756
0.43986783
0.46765042
0.36589891
0.25736673
0.21312823
0.16630725
0.13739541
0.14077646
0.17396701
0.14990756
-0.00039335
-0.16031990
-0.33671454
-0.42905096
-0.33971011
-0.29194429
-0.31263365
-0.32742477
-0.43723866
-0.71377385
-0.90700223
-0.83411634
-0.79518382
-0.70896625
-0.34043816
0.10028874
0.63512264
0.99074215
0.89090701
0.90444834
0.98631096
0.69460062
0.37869313
0.19442480
-0.06813881
-0.27750529
-0.39898369
-0.55328861
-0.63406964
-0.66912844
-0.74478740
-0.77572471
-0.78239532
-0.76400351
-0.66961444
-0.57061312
-0.50458366
-0.47510768
-0.45554947
-0.37604443
-0.27606873
-0.22550220
-0.19436334
-0.14006270
-0.07401370
-0.03841545
-0.05600879
-0.01872772
0.17537403
0.37753769
0.50740914
0.65143227
0.72813471
0.72429435
0.66126189
0.46852570
0.25123263
0.04115854
-0.10929597
-0.07415998
0.04515547
0.16749795
0.22475319
0.13621519
-0.07779451
-0.33169300
-0.42126780
-0.33996074
-0.25491671
-0.17897568
-0.17150651
-0.23884294
-0.28113362
-0.27784549
-0.25917637
-0.27931016
-0.31423412
-0.29828947
-0.23223237
-0.15557520
-0.08893585
-0.06293383
-0.08291420
-0.06339839
0.03058206
0.11293526
0.12000086
0.03352537
-0.12125207
-0.29718977
-0.43491109
-0.34578275
-0.04334278
0.18810393
0.33924794
0.57424384
0.78904687
0.84298348
0.73311860
0.44772104
0.03384999
-0.31951676
-0.39468734
-0.35212697
-0.37767587
-0.30492100
-0.16415360
-0.06032038
0.05157903
0.10168004
0.08162105
0.17802703
0.38100593
0.50749967
0.60753493
0.76790105
0.90415769
0.90935600
0.70460176
0.41645257
0.23936277
0.08541234
-0.12462692
-0.27447445
-0.33082868
-0.38537613
-0.40549277
-0.35261011
-0.27233509
-0.12964036
-0.02628138
-0.06232585
-0.07821857
0.04124964
0.19397740
0.29418037
0.48440031
0.74212869
0.79849530
0.69967505
0.58791382
0.42536402
0.14156788
-0.05898578
0.05882998
0.23402056
0.35656912
0.42108960
0.39809173
0.34589377
0.07222026
-0.20109207
-0.21947817
-0.22249423
-0.23926652
-0.29753378
-0.42835341
-0.49404887
-0.54558882
-0.65791706
-0.74978559
-0.61991366
-0.29713783
-0.06844232
0.01801054
0.01225671
-0.08358173
-0.24292868
-0.41925947
-0.52200347
-0.54904801
-0.53665021
-0.38793526
-0.11805161
0.14413844
0.38642436
0.48733538
0.41440565
0.32391698
0.17260430
-0.03562985
-0.24636357
-0.58659399
-0.83464522
-0.79107187
-0.76545675
-0.60878328
-0.16351083
0.02172564
-0.07487278
-0.05928739
-0.12074701
-0.30719091
-0.29260420
-0.23575778
-0.29547209
-0.18858326
-0.00903691
-0.03231375
-0.07796747
-0.07493806
-0.15463321
-0.23390240
-0.25220892
-0.26588938
-0.30475805
-0.33700185
-0.31462292
-0.19724313
0.01248752
0.22493044
0.30524262
0.24954688
0.24572891
0.31528950
0.32779546
0.30156426
0.30237426
0.33878671
0.31926137
0.18880148
0.02861699
-0.12456165
-0.16878300
-0.03822166
0.15056748
0.28312003
0.36492214
0.44324792
0.43982494
0.37152557
0.31119852
0.24698489
0.21054146
0.19824468
0.29648840
0.48812632
0.50128171
0.41211239
0.38539900
0.28626189
0.19551116
0.22391412
0.21196802
0.13139854
0.07719844
0.03995321
-0.00929673
-0.06313919
-0.11040853
-0.18382331
-0.28252730
-0.33075578
-0.36389678
-0.37369018
-0.18287989
0.10501248
0.31171644
0.49755570
0.54926719
0.47871600
0.43564057
0.31630868
0.16218720
0.02033196
-0.18769893
-0.40118022
-0.57062265
-0.63069146
-0.62232938
-0.65569193
-0.64810174
-0.60936458
-0.53100402
-0.35613696
-0.21596609
-0.09876689
0.08427977
0.18511836
0.16197898
0.17368589
0.19178372
0.11762183
-0.01759720
-0.08785045
-0.07832339
-0.07680583
0.03192223
0.25272637
0.34496655
0.32621500
0.34837237
0.31962826
0.19341039
0.08628381
-0.03816730
-0.24037956
-0.33351789
-0.26243067
-0.19665993
-0.15736482
-0.12934113
-0.14145591
-0.15587728
-0.14837475
-0.13134851
-0.09509139
-0.04297075
-0.02403762
-0.03683761
-0.08283796
-0.25373411
-0.40132793
-0.36811355
-0.34720120
-0.35735244
-0.28987116
-0.21473299
-0.16041139
-0.07738998
0.04486482
0.16535335
0.23909547
0.26533715
0.27891136
0.26758181
0.20664869
0.12015523
0.04970649
0.01782776
0.02086503
0.05291982
0.09672378
0.11818455
0.10707894
0.05803379
-0.04958928
-0.12955269
-0.09073405
-0.01730941
0.01645019
0.00454225
-0.07150556
-0.21823458
-0.37039776
-0.40883998
-0.39195811
-0.41486068
-0.39433904
-0.35170005
-0.36824744
-0.38051993
-0.30950085
-0.19211487
-0.09320361
0.00563604
0.06044807
0.03194305
-0.00312546
-0.02357559
-0.00301839
0.12616450
0.26797395
0.30099821
0.26966066
0.16618384
-0.07609779
-0.24828375
-0.19384637
-0.11188416
-0.09493749
-0.07619833
-0.08631716
-0.14950256
-0.18170872
-0.17302502
-0.13704521
-0.00824039
0.14802931
0.25153996
0.36595180
0.48039795
0.51267415
0.53270503
0.63812442
0.76026320
0.82821285
0.85270827
0.83570299
0.77900284
0.69430044
0.60974575
0.52089329
0.42124635
0.37668671
0.36759801
0.32472793
0.29395977
0.31123949
0.37023957
0.46194658
0.53086108
0.57031771
0.57731232
0.44591282
0.23901304
0.12933780
0.03280180
-0.09409842
-0.12532305
-0.12977329
-0.17803703
-0.17795984
-0.14123101
-0.12816473
-0.11860480
-0.08345642
-0.02722822
0.02023562
0.05713898
0.12489089
0.21667556
0.25446264
0.26040233
0.31825316
0.38578780
0.40092864
0.33637624
0.18847986
0.02480222
-0.15167051
-0.28450466
-0.28163916
-0.24538299
-0.21274276
-0.15366693
-0.11108178
-0.10541367
-0.13609131
-0.19892079
-0.25432732
-0.26072586
-0.25207361
-0.21691237
-0.13133898
-0.02878099
0.04430354
0.03278131
-0.01800358
-0.04087752
-0.05225371
-0.04959738
0.00491557
0.07400513
0.10230374
0.08768130
-0.00820651
-0.14820370
-0.21593179
-0.23478768
-0.28035364
-0.31583268
-0.29274286
-0.26427462
-0.24594046
-0.18766700
-0.11506985
-0.04698455
-0.00045122
0.00194512
-0.00401438
-0.01429473
-0.02870114
-0.04145572
-0.04562384
0.00633750
0.11169643
0.19510235
0.21558730
0.21316396
0.16717586
0.04730527
-0.01374149
0.02172526
0.05914254
0.13253397
0.24605672
0.29638739
0.29807648
0.29799072
0.23501210
0.12105291
0.00410417
-0.09383064
-0.11565305
-0.10514447
-0.10815577
-0.08072957
-0.03468029
-0.00194394
0.03121686
0.05060655
0.04207537
0.04527302
0.05328384
0.03922330
0.02772123
0.02428639
0.01471726
0.00023504
0.02155582
0.08914645
0.15716995
0.23084774
0.29388210
0.28495445
0.21012503
0.14055299
0.12320942
0.13682174
0.16262269
0.19137348
0.19447102
0.17808039
0.14883264
0.11269940
0.10065277
0.11568355
0.13651918
0.14791496
0.13861804
0.07338047
-0.06344842
-0.19904182
-0.25318378
-0.25809669
-0.25460319
-0.20410385
-0.09403124
-0.00350926
0.00869351
0.00704883
-0.00544927
-0.10198593
-0.21103556
-0.23491538
-0.22744144
-0.24062399
-0.24212821
-0.25225991
-0.29514285
-0.32811327
-0.34050487
-0.35247337
-0.36404067
-0.35033115
-0.31370619
-0.26446426
-0.18449465
-0.09915855
-0.03673431
-0.01467757
-0.03176804
-0.03804275
-0.02968710
-0.03868632
-0.05027635
-0.03683361
-0.01544817
-0.00702281
0.00059795
-0.00902704
-0.05058701
-0.09151880
-0.12646086
-0.16816835
-0.21432703
-0.25817721
-0.28273171
-0.29975605
-0.31275372
-0.29644361
-0.28090730
-0.27622215
-0.24838857
-0.20216175
-0.15130982
-0.11201614
-0.09096848
-0.07981046
-0.09197621
-0.12079609
-0.14104471
-0.15965761
-0.21213335
-0.29439431
-0.33004060
-0.32590196
-0.34584850
-0.35059893
-0.32330424
-0.30780508
-0.29354524
-0.27319846
-0.26093217
-0.24973365
-0.25069994
-0.26487402
-0.27041062
-0.27304218
-0.26583792
-0.24154453
-0.21754655
-0.17962702
-0.12864406
-0.10363453
-0.10147182
-0.11180888
-0.13607749
-0.14862109
-0.14445911
-0.12130782
-0.09063971
-0.06914607
-0.06374669
-0.09514237
-0.14934723
-0.18206655
-0.18014733
-0.17066220
-0.14386828
-0.10020822
-0.06578551
-0.02748571
0.01947455
0.06590654
0.09844289
0.11698956
0.13104833
0.11631154
0.08893061
0.08445415
0.07106339
0.02905492
-0.00183104
-0.00450490
0.00520274
0.03389115
0.07477272
0.10549944
0.11120376
0.08464379
0.04366597
0.02241571
0.02873897
0.04144047
0.05103728
0.06874869
0.08726772
0.07779784
0.05996112
0.06458623
0.08251158
0.09821609
0.10562046
0.11798681
0.12617355
0.11057148
0.09462302
0.10493625
0.13186358
0.15446454
0.16491595
0.15390755
0.14113667
0.14433761
0.14564934
0.14887696
0.15498008
0.15405382
0.14145924
0.12386076
0.09993282
0.05045027
0.00359755
-0.00296787
0.00589186
-0.00389499
-0.01836956
-0.03290467
-0.05348873
-0.06798157
-0.08362557
-0.11558730
-0.15519497
-0.17580571
-0.18391622
-0.18290419
-0.16141198
-0.14969744
-0.14738179
-0.13136662
-0.10980817
-0.08750596
-0.06725829
-0.03676080
0.00899922
0.04431240
0.07534878
0.10476186
0.11542530
0.12924251
0.15304275
0.17558940
0.20041787
0.21611332
0.22448589
0.23034173
0.21763946
0.20445025
0.20771980
0.20503869
0.19313356
0.18592216
0.18073529
0.15984724
0.12383646
0.09711306
0.07722226
0.03179125
-0.04415474
-0.09776106
-0.11090596
-0.12551602
-0.12906669
-0.11051287
-0.10901199
-0.11316015
-0.10349063
-0.09754522
-0.09677381
-0.09902704
-0.09730174
-0.06856954
-0.00977477
0.03458032
0.03704092
0.01458085
-0.04592893
-0.10170291
-0.08872144
-0.05421725
-0.01829442
0.03537527
0.06279565
0.04810460
0.03003531
0.02123859
0.02649017
0.05805380
0.11602279
0.17595390
0.20224418
0.21640445
0.23941232
0.23790524
0.20646525
0.18122034
0.16637681
0.16353085
0.18124893
0.19407603
0.20130267
0.19791591
0.14725838
0.06121805
-0.01580605
-0.04844670
-0.05517877
-0.06024510
-0.03026563
0.01429444
0.03205216
0.03488365
0.03248785
0.03714975
0.06232966
0.08415398
0.09575035
0.10290981
0.05371124
-0.01576188
-0.01381825
0.01336718
0.04849149
0.13576874
0.20180488
0.20108683
0.19606530
0.19584421
0.17230698
0.14117002
0.13305666
0.12857878
0.11486687
0.12452258
0.14262565
0.14870066
0.15701891
0.15670015
0.14378109
0.13296232
0.12216213
0.12086422
0.13348358
0.13429930
0.11519564
0.09717738
0.08606606
0.08261783
0.09050058
0.09303636
0.08715670
0.08048562
0.07722322
0.08103213
0.08364558
0.08023404
0.06936286
0.05475948
0.04378428
0.03779370
0.03484886
0.02969206
0.02208628
0.01149622
-0.00839481
-0.02882593
-0.03730593
-0.04659742
-0.04730841
-0.02546913
-0.00232587
0.02845471
0.07035916
0.09244887
0.09967648
0.10518211
0.09573177
0.08672359
0.08332587
0.07423955
0.09211630
0.13161105
0.14457156
0.15460319
0.16883541
0.15147087
0.12009425
0.08256971
0.04534916
0.02787170
0.00964212
-0.00905863
-0.01148788
-0.01619728
-0.03835741
-0.06673226
-0.07805752
-0.07749099
-0.08869380
-0.10111399
-0.10345537
-0.10843689
-0.11122615
-0.09843336
-0.08483343
-0.07923441
-0.06800968
-0.05190922
-0.04297690
-0.04346090
-0.04006690
-0.01780780
0.00247343
0.00225250
0.00846405
0.02342478
0.02647387
0.02691699
0.03075821
0.02501549
0.01333964
0.00843741
0.00422292
-0.00396499
-0.00102951
0.01741295
0.03270946
0.04527145
0.06098458
0.06867150
0.07473985
0.07489470
0.05707179
0.04621810
0.04434452
0.03383055
0.03432532
0.04881835
0.05687787
0.06643161
0.07446730
0.07035059
0.07273581
0.07738903
0.06433656
0.04835284
0.04105215
0.03037494
0.01686939
0.00589805
-0.00616169
-0.01816377
-0.03108988
-0.05980484
-0.10539128
-0.13864377
-0.15746870
-0.17162277
-0.16956822
-0.16900932
-0.17845061
-0.18338733
-0.18876241
-0.19191999
-0.17880082
-0.16046284
-0.14248890
-0.11197231
-0.09578418
-0.09494273
-0.08341116
-0.08734205
-0.10321618
-0.10494387
-0.09726076
-0.08205131
-0.06609093
-0.05925070
-0.06293335
-0.06790200
-0.05528360
-0.01851093
0.01301030
0.03099416
0.04786541
0.02427567
-0.02018149
-0.03237950
-0.06040662
-0.10204788
-0.10559711
-0.10924784
-0.12905144
-0.13701805
-0.14448103
-0.14617155
-0.12955221
-0.12255427
-0.10935219
-0.06217243
-0.02302479
-0.01575545
-0.02025253
-0.02861447
-0.03897830
-0.05505584
-0.07658046
-0.08072814
-0.07841392
-0.08997789
-0.09634498
-0.09888267
-0.10321618
-0.09495226
-0.07832911
-0.05584154
-0.03487945
-0.02426228
-0.01417461
-0.02671182
-0.06272609
-0.08281986
-0.09291486
-0.09792592
-0.07705645
-0.04959119
-0.04515495
-0.05019488
-0.05481761
-0.07022671
-0.08931703
-0.10041358
-0.09592617
-0.06191513
-0.01314257
0.00735472
0.00503969
0.00123293
-0.02738989
-0.06545960
-0.07168185
-0.06953439
-0.07473556
-0.06919324
-0.06925232
-0.07886371
-0.07648230
-0.06626580
-0.06191513
-0.05997637
-0.05627418
-0.05833730
-0.06439040
-0.06502602
-0.05690312
-0.04406140
-0.03267939
-0.02605772
-0.03425308
-0.04865158
-0.05819055
-0.07904143
-0.11381197
-0.14345804
-0.15433303
-0.14702586
-0.12187720
-0.09530723
-0.09204816
-0.10627037
-0.12369351
-0.13534706
-0.13949427
-0.13645009
-0.12203873
-0.09346614
-0.05582201
-0.03290896
-0.00942709
0.02159442
0.01590920
-0.01230512
-0.02897516
-0.04459581
-0.06372286
-0.07131878
-0.05342964
-0.01299934
0.02776835
0.05374602
0.07433151
0.08973060
0.08820875
0.08344403
0.08932179
0.09712068
0.09453296
0.08070527
0.06241400
0.03158937
-0.01078708
-0.03468396
-0.03858378
-0.04231618
-0.03728063
-0.02597620
-0.01706717
-0.00686572
-0.00631077
-0.01118756
-0.00807077
-0.00767358
-0.01879548
-0.02895443
-0.03024838
-0.03192881
-0.03002497
-0.02205864
-0.01912739
-0.00770765
0.01874140
0.03438316
0.04038513
0.05271160
0.06133955
0.06699241
0.08428691
0.10734720
0.12145028
0.13078484
0.13748833
0.13693228
0.14892222
0.17348101
0.18317292
0.18542568
0.17915483
0.15102156
0.12317416
0.11063104
0.10361785
0.10703463
0.12460262
0.13358269
0.13466333
0.12986764
0.11509939
0.10804189
0.10324001
0.09131678
0.08487869
0.08653538
0.08559912
0.08165583
0.07950075
0.08229955
0.09203816
0.10184776
0.11197898
0.11629486
0.10427300
0.09418561
0.09175037
0.08209514
0.07046875
0.07006185
0.08133374
0.09124959
0.09857630
0.11159637
0.12651613
0.13439364
0.12025196
0.08510978
0.04340101
0.01396420
0.00809202
-0.00559821
-0.02682212
-0.01724647
0.00069144
0.01267153
0.03949818
0.05466609
0.05966618
0.07595771
0.07103766
0.05212411
0.04595499
0.02303927
-0.00911638
-0.01466194
-0.01125279
-0.01680893
-0.02273647
-0.02392927
-0.02153910
-0.01156931
0.00217153
0.01080524
0.02244802
0.02404334
0.00268787
-0.03306881
-0.07808373
-0.10354876
-0.11584984
-0.13780661
-0.15186777
-0.15073138
-0.13794574
-0.12537498
-0.11442757
-0.10516257
-0.10892670
-0.11297004
-0.10683737
-0.09772389
-0.08873859
-0.08897682
-0.10629419
-0.12154415
-0.12731946
-0.13793478
-0.12800701
-0.08991786
-0.06236444
-0.04410428
-0.02415741
-0.01058287
-0.01077770
-0.02248099
-0.02931626
-0.03709004
-0.04661672
-0.04240961
-0.03685024
-0.03833035
-0.03840258
-0.04310841
-0.05203168
-0.05660485
-0.05201643
-0.03204449
0.02443672
0.10561570
0.12901809
0.11731308
0.12641322
0.09450485
0.02856382
0.00498509
0.01359603
0.01226229
0.01943981
0.03065963
0.03041363
0.03861318
0.05299796
0.06756323
0.08071766
0.08989642
0.10020917
0.11045856
0.11688426
0.12277011
0.11801445
0.09931722
0.07956651
0.05814433
0.03803775
0.02045875
0.01396596
0.02540710
0.03143728
0.02459852
0.00987707
-0.00539185
-0.01111461
-0.01757643
-0.02923907
-0.03751167
-0.04355029
-0.05102823
-0.05715804
-0.06982647
-0.09837047
-0.12334188
-0.12997151
-0.13334064
-0.13758839
-0.12922011
-0.10706322
-0.07242276
-0.01680869
0.04387600
0.07465122
0.06949866
0.04485558
0.01547595
-0.00047557
-0.00059382
0.00557787
0.02033820
0.02380758
0.00091180
-0.02423417
-0.04190751
-0.04589038
-0.03195020
-0.02250991
-0.00960048
0.01260716
0.01980431
0.02139392
0.03480141
0.05658198
0.07141217
0.06979073
0.06393347
0.05141131
0.01490242
-0.01629152
-0.01809292
-0.01937344
-0.01112566
0.01808349
0.03322762
0.02509396
0.01274276
0.00415705
0.00002044
-0.00007586
-0.00410178
-0.01292101
-0.00749428
0.01492167
0.03229793
0.04599502
0.06101174
0.06694286
0.07945025
0.10576102
0.11987507
0.13218567
0.15593350
0.15942271
0.14611056
0.14442957
0.14253893
0.13049801
0.11586699
0.09921001
0.09064114
0.09010320
0.08480055
0.08207989
0.06976167
0.03678148
0.01640593
0.01346581
0.01969229
0.04229912
0.07533496
0.10111304
0.10940698
0.11515514
0.11198231
0.08845795
0.06782195
0.07316463
0.08353028
0.07850207
0.06983933
0.05871991
0.04655668
0.03507295
0.02714779
0.02893375
0.03183575
0.03016005
0.02469992
0.01104748
-0.00611833
-0.01883546
-0.02548605
-0.02464226
-0.02092150
-0.02318155
-0.03165769
-0.03814767
-0.04386133
-0.04918428
-0.04955736
-0.05127980
-0.05821914
-0.07228173
-0.09016753
-0.10409861
-0.10920305
-0.09901799
-0.08212135
-0.06280518
-0.04460510
-0.03840291
-0.03884722
-0.04076817
-0.04442838
-0.05887905
-0.07464312
-0.07609446
-0.07381025
-0.06840754
-0.06143532
-0.05463702
-0.05002382
-0.06162115
-0.07861213
-0.09317740
-0.11132288
-0.12134260
-0.12616211
-0.13514694
-0.14215251
-0.13640149
-0.11898550
-0.10815767
-0.10005861
-0.07855686
-0.05506347
-0.04332325
-0.03227815
-0.02084193
-0.01849201
-0.01502683
-0.00627833
-0.00010826
0.00239318
0.00037813
-0.00787503
-0.02413968
-0.04392665
-0.05310374
-0.07103290
-0.12204159
-0.15289218
-0.13631144
-0.12913053
-0.12166089
-0.09187901
-0.08989165
-0.10408575
-0.09399026
-0.06687044
-0.03554199
-0.01248332
0.00632593
0.02198770
0.02206045
0.01485901
0.00807625
0.00710748
0.02341554
0.03911329
0.04509305
0.05651528
0.06203997
0.05764880
0.05861270
0.06027988
0.05755494
0.05524977
0.05377985
0.05305133
0.05133841
0.04706741
0.04255822
0.04746774
0.06228297
0.07197583
0.08136948
0.09912567
0.09986325
0.07901475
0.06095838
0.03432174
0.01052107
0.01277159
0.01101374
-0.00056148
-0.00351766
-0.00518216
-0.00872215
0.00192218
0.02383946
0.04575578
0.06607997
0.07558844
0.06123092
0.02175589
-0.00667718
-0.01640578
-0.02399341
-0.02554537
-0.03154806
-0.04317349
-0.05331910
-0.05781176
-0.05631278
-0.05291553
-0.04610275
-0.03840125
-0.03360379
-0.03264065
-0.03402085
-0.03726877
-0.04059111
-0.03867884
-0.03578251
-0.03540005
-0.03641021
-0.04281371
-0.05077903
-0.05697269
-0.05904820
-0.05120643
-0.04548762
-0.03111432
0.00910433
0.03990266
0.04669848
0.05281690
0.05592254
0.04866445
0.04272413
0.03616969
0.02355257
0.01444467
0.00854414
0.00623387
0.01034768
0.01303898
0.01251091
0.01193071
0.01129219
0.01310879
0.02576898
0.04563228
0.06043235
0.06792868
0.06664459
0.06330452
0.06690856
0.07380977
0.07838438
0.08044083
0.08180449
0.08179020
0.08136519
0.07916627
0.07257762
0.05580724
0.02728344
0.00880915
0.00675294
0.01059792
0.02384098
0.03472436
0.03473808
0.04009577
0.04968791
0.05144609
0.05105205
0.05240428
0.05018201
0.04560579
0.04060188
0.03516905
0.03774405
0.04593503
0.04555023
0.03130163
0.00750610
-0.02320075
-0.04620023
-0.04245783
-0.03151837
-0.02777240
-0.02484362
-0.02772628
-0.03093736
-0.02191184
-0.01041181
-0.00351293
0.00249454
-0.00015612
-0.00637448
-0.00945220
-0.02107535
-0.04184504
-0.06175027
-0.07703930
-0.08532705
-0.07932684
-0.06447950
-0.05361690
-0.03729902
-0.01760435
-0.01385856
-0.02323381
-0.03200218
-0.04365359
-0.05619270
-0.05043692
-0.03403057
-0.02696359
-0.02234905
-0.01328885
-0.00666675
-0.00377571
-0.00402954
-0.00826950
-0.01355934
-0.01697884
-0.01638930
-0.00825978
0.00159358
0.00469260
0.00541110
0.00107302
-0.00873883
-0.01537174
-0.02323539
-0.03316201
-0.04011002
-0.04224637
-0.03513818
-0.02488546
-0.01944796
-0.02427795
-0.04147468
-0.05374840
-0.05437925
-0.04325449
-0.02965651
-0.02774977
-0.03460581
-0.05554661
-0.07373116
-0.07523014
-0.07744382
-0.07614210
-0.06261412
-0.05107826
-0.04718162
-0.04163015
-0.04114306
-0.04916856
-0.05259725
-0.05302607
-0.05374650
-0.05366550
-0.05768644
-0.06532095
-0.07297642
-0.07598534
-0.06829128
-0.05717281
-0.04927815
-0.03708294
-0.02760892
-0.03141889
-0.03912534
-0.04570270
-0.04977987
-0.04050187
-0.02343841
-0.01193257
-0.00782043
-0.01158570
-0.01783410
-0.02286126
-0.03523895
-0.05114734
-0.05605596
-0.05233328
-0.04039557
-0.01995469
-0.00734753
-0.00449565
-0.00490380
-0.01177157
-0.02164183
-0.02295513
-0.00799119
0.00726362
0.01672273
0.03708018
0.05820008
0.06499409
0.06507843
0.06282233
0.05464560
0.03664392
0.01696921
0.00654934
-0.00234959
-0.01211944
-0.01845518
-0.02229478
-0.01106920
0.01627056
0.03691380
0.05786464
0.08447321
0.09088081
0.08429120
0.08742019
0.09543206
0.10248909
0.10872325
0.11424174
0.11864005
0.11702053
0.11179030
0.10400760
0.08364558
0.05838447
0.04761716
0.04477501
0.04451019
0.05191589
0.06344270
0.07220835
0.07176523
0.07422192
0.08513599
0.09187187
0.10218462
0.11821028
0.12155082
0.11450761
0.10463893
0.09002173
0.07459357
0.06481113
0.06380434
0.06710724
0.06905506
0.06651118
0.05189683
0.02805133
0.00893456
-0.00792940
-0.02568798
-0.03639106
-0.04061255
-0.04178515
-0.02897868
-0.00373832
0.01483586
0.02355777
0.02497656
0.02657812
0.03227396
0.03465432
0.03369899
0.02369228
0.00628728
-0.00509815
-0.01734353
-0.03484753
-0.04919953
-0.06022985
-0.06843279
-0.06625388
-0.05464036
-0.04872258
-0.04969363
-0.04924622
-0.04893080
-0.04485854
-0.02638429
-0.00485201
0.00857868
0.02016624
0.02169200
0.01294360
0.00475378
-0.00088848
0.00151517
0.00645667
0.00614949
0.00784787
0.00937139
0.00059744
-0.01973213
-0.04078646
-0.05152090
-0.05962378
-0.06872153
-0.07178667
-0.06855620
-0.06328546
-0.05655482
-0.04336618
-0.03013132
-0.02533439
-0.02234462
-0.01673169
-0.00254289
0.02064495
0.03533410
0.03635323
0.02539476
0.00783186
-0.01035197
-0.02139182
-0.01080505
0.00200263
0.00524757
0.01538242
0.02619904
0.02855000
0.02678172
0.02155787
0.00726129
-0.00822838
-0.00893003
-0.00100210
0.00539338
0.01376194
0.02240475
0.02267558
0.01834955
0.01828651
0.01819522
0.01422044
0.01777831
0.03450104
0.05482761
0.06414311
0.04785159
0.02148307
-0.00766667
-0.04300163
-0.05319665
-0.04537975
-0.04508110
-0.04159623
-0.03079275
-0.02325616
-0.03139416
-0.04334088
-0.04442047
-0.04268387
-0.03821385
-0.03317964
-0.03020202
-0.02803279
-0.02978373
-0.03193233
-0.03519178
-0.04062561
-0.04471307
-0.04827708
-0.05442071
-0.06510797
-0.07357106
-0.06549296
-0.03955512
-0.00148866
0.03241767
0.02953492
0.00556252
-0.00186492
-0.01159432
-0.03130296
-0.03512493
-0.03600192
-0.04642079
-0.04950590
-0.04599702
-0.04437368
-0.04370705
-0.04617860
-0.05048410
-0.04464622
-0.02978640
-0.01617341
0.00244872
0.01766548
0.01548686
0.01354181
0.01748218
0.01899936
0.02550034
0.03427891
0.04163449
0.05456269
0.06274229
0.06260697
0.06792535
0.07577855
0.07432150
0.06230679
0.04077646
0.01402261
-0.00472339
-0.01774448
-0.02622329
-0.02123378
-0.01143661
-0.00405253
0.00021131
-0.00267103
-0.00934404
-0.01333154
-0.00134303
0.02669896
0.04667213
0.06032181
0.06480303
0.05135937
0.04055838
0.03352394
0.02554666
0.02061636
0.01478016
0.00652957
-0.00245155
-0.00938973
-0.00653705
0.00849349
0.02392346
0.04056996
0.06023128
0.07459214
0.08248871
0.07950266
0.06804828
0.05794803
0.04652095
0.03487431
0.02840244
0.02273395
0.01626389
0.00721131
-0.00250074
-0.00718148
-0.00571590
0.00069564
0.00570904
0.01203544
0.01883484
0.01456269
0.00843874
0.00585641
-0.00490266
-0.01170567
-0.00823529
-0.01022933
-0.01322305
-0.01426881
-0.02258839
-0.03140354
-0.03401694
-0.02907479
-0.01592345
-0.00438349
0.00065404
0.00264092
0.00229026
-0.00089763
-0.00475802
-0.00835898
-0.00965218
-0.00625117
-0.00417193
-0.00716804
-0.01392694
-0.02617669
-0.03934275
-0.04417818
-0.04671830
-0.05317997
-0.05629133
-0.05451552
-0.05135985
-0.04683375
-0.03783386
-0.02585622
-0.02195920
-0.02544274
-0.03057853
-0.04062513
-0.04551192
-0.04087032
-0.03791134
-0.03254088
-0.02448007
-0.02481494
-0.02402385
-0.01485420
-0.01008891
-0.00888148
-0.00588357
-0.01117527
-0.02102370
-0.02262855
-0.01766700
-0.00783234
0.00903276
0.02615001
0.03274343
0.03369590
0.03541072
0.03598134
0.03669938
0.03934404
0.04535383
0.05351684
0.06131049
0.06201185
0.05426490
0.04337733
0.02233962
-0.00219275
-0.01019921
-0.01053517
-0.01461363
-0.01360427
-0.00602704
0.00163886
0.00906421
0.01838481
0.02670153
0.03256780
0.03699608
0.03906307
0.03805075
0.03536140
0.03326574
0.03049901
0.02617074
0.02101855
0.01468234
0.00641264
-0.00223259
-0.00952110
-0.01864539
-0.03026944
-0.04060278
-0.04882026
-0.05247908
-0.05196973
-0.05337485
-0.05440355
-0.05126742
-0.04526473
-0.03753569
-0.02959509
-0.02026073
-0.00979707
-0.00548753
-0.00975190
-0.01299267
-0.01180759
-0.01218963
-0.00981842
0.00035426
0.01017272
0.01748475
0.02313638
0.01882502
0.00818579
-0.00060696
-0.00607373
-0.00232736
0.00565896
0.00973246
0.01397015
0.01644014
0.00987450
-0.00029311
-0.00308246
0.00038389
0.00236203
0.00165093
-0.00004502
-0.00373881
-0.00925337
-0.01549672
-0.02007514
-0.02138715
-0.01944734
-0.01467581
-0.01039114
-0.00675837
-0.00322145
-0.00964465
-0.02303655
-0.02763151
-0.02945582
-0.02552993
-0.00671687
0.01416236
0.03366726
0.03999014
0.02476129
0.01307758
0.00795851
-0.00174128
-0.00803736
-0.01116926
-0.01213345
-0.00880239
-0.00606706
-0.00177070
0.00478297
0.00740966
0.00701171
0.00989551
0.01829790
0.02703563
0.03308968
0.03790481
0.03913778
0.03797461
0.04010506
0.04423488
0.04535673
0.04084721
0.03087799
0.02322676
0.01973632
0.01474099
0.01087213
0.00781747
0.00005088
-0.00947369
-0.01613996
-0.02285545
-0.03146425
-0.04014756
-0.04792782
-0.05517305
-0.06184175
-0.05951371
-0.04794736
-0.04080209
-0.03149550
-0.01590978
-0.00910676
-0.00799382
-0.01104595
-0.02231627
-0.03531376
-0.04842955
-0.05554184
-0.05370457
-0.05175199
-0.05214174
-0.04960596
-0.04565129
-0.04388934
-0.03890102
-0.02973842
-0.02207503
-0.02175794
-0.02870033
-0.03268697
-0.03033991
-0.02295717
-0.01340511
-0.00334867
0.01098649
0.01505479
0.00478635
0.00175984
0.00117137
-0.00691842
-0.00990285
-0.00638973
-0.00229929
0.00176725
0.00420213
0.00521308
0.00301539
-0.00193609
-0.00625784
-0.01103718
-0.01472446
-0.01688792
-0.01902481
-0.01915841
-0.02118127
-0.03168018
-0.04413954
-0.05370028
-0.05265967
-0.02960205
-0.00758567
0.00718543
0.03158646
0.04231694
0.03565729
0.03626189
0.03484734
0.02307958
0.00900622
-0.00887110
-0.01023895
0.01339691
0.02634565
0.03540676
0.05846976
0.06606377
0.05780508
0.05664249
0.06048762
0.06874678
0.07790219
0.08177448
0.08081010
0.07048495
0.05885904
0.04829518
0.03275191
0.02237726
0.01604300
0.00875484
0.00731694
0.01132364
0.01248027
0.01311012
0.01481870
0.00724375
-0.00626198
-0.01227258
-0.01335284
-0.01435605
-0.01319184
-0.00698074
0.00285543
0.01130477
0.02009820
0.03071104
0.04096567
0.05094341
0.05643285
0.05205169
0.04323472
0.03746960
0.03012831
0.01593331
0.00103046
-0.01239113
-0.02480045
-0.03120123
-0.03316115
-0.02978154
-0.02174551
-0.01589467
-0.00589820
0.00979950
0.02037575
0.02442633
0.02206746
0.01423831
0.00923421
0.00472377
-0.00201979
-0.00085008
0.00481851
0.00539209
0.00693271
0.00758262
0.00287209
-0.00027160
-0.00777535
-0.02044717
-0.02524028
-0.02773590
-0.03370371
-0.03502368
-0.03308840
-0.02933870
-0.02104609
-0.01460310
-0.01052764
-0.00556467
-0.00316829
-0.00308736
-0.00226334
0.00046700
0.00228729
0.00203572
-0.00216385
-0.01357130
-0.02324044
-0.02937101
-0.03739289
-0.04008662
-0.03884351
-0.04039123
-0.04068979
-0.03973408
-0.03975033
-0.03500991
-0.02517415
-0.01855334
-0.01353366
-0.00421009
0.00259725
0.00150488
-0.00017375
-0.00005074
-0.00163437
0.00051629
0.00780804
0.01094008
0.01176590
0.01199656
0.00405593
-0.00775120
-0.02127895
-0.03490270
-0.03929273
-0.03518454
-0.02774867
-0.02216180
-0.01709281
-0.00731599
0.00044965
-0.00077231
-0.00337548
-0.00221217
-0.00139246
0.00354537
0.01126694
0.01617846
0.02407264
0.03071166
0.03132574
0.03210591
0.03262979
0.03200761
0.03183413
0.03163616
0.02948927
0.02329785
0.01706665
0.01292387
0.00841049
0.00519950
0.00059005
-0.00886519
-0.01695434
-0.02011116
-0.02039314
-0.01709400
-0.01178887
-0.00744811
-0.00264978
0.00094353
0.00241869
0.00323938
0.00319234
0.00706551
0.01635137
0.02208599
0.01987783
0.01639892
0.01311265
0.00501043
-0.00063038
0.00013192
-0.00041243
-0.00109398
-0.00052683
-0.00064451
-0.00045994
0.00005134
0.00173061
0.00497794
0.00789790
0.00827522
0.00747165
0.00800925
0.01016305
0.01470888
0.01887905
0.02011235
0.02130863
0.02079456
0.01714226
0.01443333
0.01121538
0.00729874
0.00654291
0.00853452
0.01062990
0.01124674
0.01192171
0.01330314
0.01515114
0.01784358
0.01986482
0.02165426
0.02447455
0.02598620
0.02480508
0.02286707
0.02122749
0.01884622
0.01539276
0.01227849
0.00970135
0.00593265
0.00190802
-0.00026833
-0.00242502
-0.00502058
-0.00637924
-0.00724656
-0.00772709
-0.00755718
-0.00774529
-0.00833740
-0.00884618
-0.00959991
-0.00989832
-0.00882102
-0.00766024
-0.00711187
-0.00716075
-0.00824296
-0.00937044
-0.00990799
-0.00988160
-0.00925137
-0.00843989
-0.00733605
-0.00646687
-0.00629915
-0.00605396
-0.00548352
-0.00491138
-0.00445804
-0.00413791
-0.00413522
-0.00450501
-0.00475219
-0.00473719
-0.00495693
-0.00529422
-0.00502687
-0.00418364
-0.00342602
-0.00270551
-0.00256617
-0.00332971
-0.00351271
-0.00316991
-0.00324840
-0.00339249
-0.00340125
-0.00339507
-0.00345057
-0.00365294
-0.00385007
-0.00394164
-0.00398896
-0.00394551
-0.00385698
-0.00388620
-0.00398072
-0.00397453
-0.00387759
-0.00369961
-0.00341675
-0.00305605
-0.00285663
-0.00297117
-0.00307200
-0.00304433
-0.00303343
-0.00304137
-0.00304141
-0.00297775
-0.00286042
-0.00276344
-0.00264706
-0.00244127
-0.00215263
-0.00183862
-0.00156311
-0.00133498
-0.00113762
-0.00097275
-0.00083545
-0.00071260
-0.00059893
-0.00049057
-0.00038444
-0.00027810
-0.00016891
-0.00005225
