0.00117717
0.00113755
0.00115766
0.00114418
0.00119632
0.00120880
0.00128220
0.00131523
0.00141039
0.00146439
0.00157876
0.00164921
0.00177912
0.00186524
0.00200973
0.00210771
0.00226248
0.00236967
0.00253454
0.00264982
0.00281803
0.00293550
0.00310791
0.00322950
0.00340444
0.00352897
0.00370458
0.00382179
0.00399026
0.00410484
0.00427222
0.00438734
0.00455526
0.00465689
0.00480115
0.00488822
0.00502985
0.00511452
0.00525397
0.00533558
0.00546050
0.00551103
0.00560262
0.00563831
0.00573798
0.00578332
0.00586862
0.00588060
0.00592678
0.00590496
0.00594985
0.00594592
0.00598473
0.00594692
0.00595022
0.00587762
0.00584817
0.00577531
0.00576863
0.00569051
0.00564685
0.00552999
0.00546360
0.00533420
0.00525468
0.00510742
0.00500870
0.00484319
0.00472841
0.00454696
0.00441641
0.00421868
0.00407265
0.00385964
0.00369938
0.00347288
0.00331797
0.00308915
0.00288812
0.00261726
0.00241177
0.00215174
0.00196858
0.00172958
0.00152816
0.00122200
0.00095228
0.00063793
0.00040566
0.00014024
-0.00005801
-0.00034301
-0.00061200
-0.00096516
-0.00123388
-0.00151819
-0.00171623
-0.00200204
-0.00225152
-0.00259852
-0.00288784
-0.00321644
-0.00343145
-0.00368942
-0.00390267
-0.00420668
-0.00445074
-0.00478531
-0.00524780
-0.00629509
-0.00778970
-0.00954321
-0.01114719
-0.01268528
-0.01406909
-0.01549715
-0.01685699
-0.01826331
-0.01955563
-0.02086296
-0.02206576
-0.02329746
-0.02442015
-0.02556993
-0.02661208
-0.02768959
-0.02866094
-0.02966308
-0.03055777
-0.03152783
-0.03307178
-0.03579474
-0.03909824
-0.04240441
-0.04327038
-0.03946724
-0.03162441
-0.02270209
-0.01438989
-0.00708607
-0.00194444
-0.00398787
-0.01440808
-0.02887239
-0.04278677
-0.05493989
-0.06592160
-0.07118159
-0.06341000
-0.04423285
-0.02139606
-0.00543549
-0.00087700
-0.00332440
-0.00637054
-0.00767448
-0.00922173
-0.01479442
-0.02463100
-0.03606923
-0.04658052
-0.05375933
-0.05537047
-0.05277781
-0.04877193
-0.04542523
-0.04262629
-0.03979243
-0.03183672
-0.01570972
0.00521998
0.02483279
0.04049137
0.05364783
0.06470999
0.07041850
0.06997387
0.06642952
0.06306411
0.06073628
0.05888006
0.05669254
0.05430400
0.05189303
0.04969300
0.04755480
0.04552138
0.04340318
0.04139485
0.03941360
0.03911014
0.04220003
0.04835791
0.05531545
0.06153550
0.06112545
0.04890050
0.02759895
0.00431833
-0.01498957
-0.02510469
-0.02643676
-0.02419637
-0.02256463
-0.02219762
-0.02203843
-0.02008460
-0.01574059
-0.01017885
-0.00479283
0.00009680
0.00459488
0.00715020
0.00641691
0.00387892
0.00125162
0.00218148
0.00822182
0.01721254
0.02486099
0.02887394
0.03017247
0.03103543
0.03019998
0.02495421
0.01523146
0.00414421
-0.00576137
-0.00181643
0.02273210
0.05757119
0.07417913
0.05697625
0.02122799
-0.02328815
-0.05576836
-0.05880331
-0.04051776
-0.01345829
0.02149239
0.06025664
0.08133078
0.07455494
0.05253480
0.03052250
0.01380219
-0.00133942
-0.00612999
0.00736816
0.03250444
0.05886135
0.08077111
0.08431305
0.05907349
0.01534813
-0.01737414
-0.01863093
0.00211430
0.02631897
0.04222426
0.04675885
0.04272417
0.03659725
0.03125231
0.02705317
0.02267639
0.01839266
0.01631353
0.01816957
0.02195340
0.02583950
0.02708094
0.02434513
0.01833627
0.01168426
0.00549786
0.00007185
-0.00532326
-0.00957210
-0.01174135
-0.01188450
-0.01154792
-0.01134484
-0.01157750
-0.01168874
-0.01178610
-0.01168348
-0.01173436
-0.01170651
-0.01181094
-0.01177403
-0.01184397
-0.01179041
-0.01194176
-0.01365732
-0.01888791
-0.02658837
-0.03500897
-0.04264043
-0.04964825
-0.05530682
-0.05960392
-0.06288181
-0.06611821
-0.06924191
-0.07087960
-0.06764906
-0.05952208
-0.04921492
-0.03954157
-0.03080725
-0.02258550
-0.01411988
-0.00568802
0.00268121
0.01066901
0.01853409
0.02606561
0.03352383
0.04044394
0.04188044
0.03216123
0.01405555
-0.00612612
-0.02059908
-0.02525439
-0.02238699
-0.01784748
-0.01442705
-0.01221995
-0.00979890
-0.00758614
-0.00619132
-0.00603341
-0.00617532
-0.00635199
-0.00641856
-0.00749953
-0.00956753
-0.01228213
-0.01472137
-0.01703368
-0.01907530
-0.02127594
-0.02332350
-0.02546058
-0.02726359
-0.02726652
-0.02327168
-0.01648531
-0.00879072
-0.00195250
0.00473556
0.01342880
0.02543178
0.03154309
0.01910143
-0.01226755
-0.05012927
-0.08517273
-0.10578810
-0.10908056
-0.10367620
-0.09862369
-0.09622376
-0.09471723
-0.08838499
-0.07381815
-0.05331652
-0.03206507
-0.01252152
0.00168988
0.00817065
0.00866905
0.00765745
0.00729722
0.00753152
0.00621536
0.00308814
-0.00108736
-0.00473365
-0.00513667
0.00133024
0.01310171
0.02668503
0.03901459
0.05039522
0.06090607
0.07117573
0.08058347
0.08992946
0.09879357
0.10699626
0.10105379
0.07240191
0.02992213
0.00055109
-0.00006396
0.01753454
0.03644728
0.04974388
0.05990618
0.07018894
0.07908444
0.08515988
0.08867905
0.09150756
0.09436798
0.08643521
0.05274124
-0.00292460
-0.06557062
-0.12353961
-0.17544109
-0.20359342
-0.19495093
-0.16237129
-0.12597834
-0.09583226
-0.07022223
-0.04445284
-0.01879598
0.00400098
0.02340336
0.04120341
0.05892094
0.07670599
0.09087632
0.08044187
0.03459521
-0.02949156
-0.09313137
-0.14870906
-0.19975682
-0.23740794
-0.23693538
-0.19348321
-0.13162070
-0.07256006
-0.02678964
0.00383689
0.02195116
0.03623842
0.05013875
0.06558329
0.07992653
0.09415757
0.10676342
0.11849054
0.09331591
0.00756416
-0.11804384
-0.24605474
-0.35665477
-0.35254911
-0.17910264
0.08288922
0.25395474
0.20372018
-0.00850552
-0.25077784
-0.37171746
-0.31264035
-0.14767596
0.02485901
0.16438057
0.22945706
0.19144547
0.08541677
-0.03328884
-0.09482762
-0.06009520
0.04175730
0.15632104
0.25401080
0.29431538
0.23201825
0.08430753
-0.08785550
-0.18603336
-0.14422483
-0.00422987
0.12399579
0.13137407
0.01698910
-0.13757610
-0.20357617
-0.11494110
0.07019929
0.26362343
0.40304065
0.40183077
0.23901019
0.00465054
-0.18669392
-0.21029734
-0.06125739
0.15331574
0.26933737
0.21322330
0.06017066
-0.09440679
-0.21373985
-0.29443525
-0.29463445
-0.20065711
-0.05975854
0.07933625
0.19963091
0.30846570
0.35955830
0.31789207
0.22098446
0.11926493
0.03763992
-0.02408505
-0.07392930
-0.12124834
-0.16810679
-0.21403477
-0.25551991
-0.25176696
-0.17473224
-0.05756205
0.05964178
0.12688812
0.11175213
0.03109156
-0.06612080
-0.14680499
-0.15856660
-0.08659130
0.02696702
0.13694227
0.22486332
0.25501457
0.21406150
0.13638347
0.05956020
0.00752108
-0.00259877
0.02376037
0.06358186
0.09722840
0.11962022
0.13575137
0.14936531
0.15797416
0.16234629
0.16403218
0.16578276
0.15861058
0.11881565
0.04363498
-0.00172038
0.02495447
0.09793467
0.17208827
0.21680292
0.20065280
0.12619220
0.02598601
-0.09467843
-0.25285093
-0.33484935
-0.24642469
-0.04613537
0.16518601
0.32050068
0.35339680
0.25513272
0.10010262
-0.04946181
-0.17476415
-0.28968110
-0.35582173
-0.32026095
-0.19857281
-0.05092591
0.08168426
0.19672565
0.30638744
0.38955003
0.36159345
0.19689812
-0.02762431
-0.14996119
-0.07836705
0.10743433
0.29691364
0.34490092
0.20920733
-0.01564047
-0.22981925
-0.36736345
-0.33802625
-0.13317380
0.14869440
0.41754454
0.60754213
0.61674945
0.42998396
0.15584502
-0.10797589
-0.32813680
-0.41042066
-0.28309791
-0.02642693
0.24687829
0.40633311
0.34847622
0.07903925
-0.31325003
-0.74151964
-1.00000000
-0.88272020
-0.43348424
0.11735224
0.60946948
0.83367310
0.71980649
0.43371967
0.15038202
-0.06113123
-0.21959866
-0.36295942
-0.42611373
-0.34266225
-0.15768441
0.04127343
0.16493765
0.12240734
-0.07643064
-0.32934496
-0.45815784
-0.37295062
-0.16466515
-0.01234991
-0.02954002
-0.16896225
-0.32710284
-0.41720132
-0.37683983
-0.22093962
-0.02544075
0.15645815
0.31347510
0.38649213
0.30419706
0.09720426
-0.14468533
-0.34070903
-0.39227592
-0.27947086
-0.09323485
0.08464687
0.21358376
0.23891620
0.14473189
-0.00370746
-0.12330246
-0.11853883
0.01695771
0.20573377
0.37788758
0.45391163
0.38921457
0.23676808
0.08433746
0.01333282
0.02740087
0.07437074
0.11078974
0.13193977
0.12867836
0.08844708
0.01650860
-0.06924536
-0.24450078
-0.49989824
-0.57615340
-0.33352478
0.08788655
0.46577327
0.55871234
0.33161380
-0.02676359
-0.33389127
-0.35953071
-0.04700626
0.30442990
0.39654628
0.22739087
-0.01541919
-0.20229041
-0.25547938
-0.17639917
-0.04387066
0.05743537
0.07342931
0.02002820
-0.05266320
-0.11328884
-0.16227902
-0.21032493
-0.26130370
-0.28665856
-0.26355616
-0.20835015
-0.14869785
-0.09849951
-0.05431641
-0.01019230
0.03623092
0.08153102
0.11276970
0.07855461
-0.04132862
-0.20155482
-0.32302392
-0.34500871
-0.28757265
-0.20971870
-0.17339473
-0.20239130
-0.23264345
-0.18051689
-0.04815146
0.10987565
0.24713527
0.30636933
0.20340111
-0.04749452
-0.34846415
-0.48537797
-0.34233197
-0.03371941
0.17336541
0.15914524
0.06490023
0.02987082
0.06363041
0.08475570
0.05152179
-0.01507597
-0.07654378
-0.12266518
-0.16163743
-0.20256377
-0.20674014
-0.14106863
-0.02815621
0.09144634
0.19631862
0.28321692
0.29390059
0.19534416
0.03977010
-0.06313939
-0.04992118
0.03394440
0.12324382
0.18223642
0.20488608
0.19915231
0.18625670
0.17425622
0.16496094
0.13015902
0.05280756
-0.05263405
-0.15939446
-0.25447560
-0.28557372
-0.21748763
-0.08835912
0.00799621
-0.02067307
-0.16665718
-0.34564254
-0.38359808
-0.20059330
0.01017566
0.06066401
-0.03623239
-0.12650955
-0.10618220
-0.00248020
0.10688070
0.14491299
0.07451700
-0.06455227
-0.21336817
-0.29112640
-0.25678412
-0.14908160
-0.03129146
0.06889524
0.15568979
0.23644470
0.24825633
0.15258705
-0.00484902
-0.16289215
-0.29480951
-0.34624705
-0.28807195
-0.16973491
-0.04810766
0.05141383
0.10582863
0.08127352
-0.01105621
-0.12635087
-0.20118746
-0.19846415
-0.14283300
-0.10441007
-0.11613546
-0.11498336
-0.04547334
0.07221202
0.19175506
0.25219210
0.20786637
0.07983684
-0.07015358
-0.18093600
-0.17759007
-0.05165425
0.12591107
0.29470516
0.43807972
0.53743381
0.52743571
0.39674462
0.21045687
0.03177558
-0.11893379
-0.18235974
-0.12145875
0.00947535
0.14143857
0.19876253
0.16668564
0.09419724
0.02816354
-0.01992739
-0.02551663
0.02964014
0.12261689
0.19072800
0.18366361
0.11635708
0.03457805
-0.03338585
-0.07204075
-0.08045748
-0.07543428
-0.07023551
-0.06907884
-0.06875502
-0.06741976
-0.06670366
-0.06995421
-0.07531890
-0.06191209
-0.00162251
0.10027509
0.21572067
0.32186406
0.38813318
0.35586399
0.23052983
0.09714130
0.01217752
-0.04627343
-0.11877857
-0.21463755
-0.31689347
-0.37969162
-0.34590038
-0.22056881
-0.06185319
0.08488712
0.20689881
0.25722306
0.20983512
0.11009555
0.00809793
-0.07488160
-0.14305980
-0.14590297
-0.05284748
0.06585312
0.12414757
0.11211949
0.08233404
0.07918525
0.10253531
0.13040565
0.14939894
0.15773960
0.15355116
0.13852383
0.10411255
0.04416990
-0.03124817
-0.10765854
-0.17862748
-0.24521481
-0.30940308
-0.33749935
-0.29604698
-0.20253704
-0.09710250
-0.00352632
0.07944223
0.16075525
0.24398855
0.32432952
0.35037857
0.28230800
0.15291130
0.01418025
-0.10616581
-0.20884083
-0.24302444
-0.17760215
-0.05630353
0.06725833
0.17089736
0.26275418
0.33086442
0.34383332
0.30154620
0.23757955
0.17892758
0.13644642
0.10706352
0.08307859
0.05886333
0.03313008
-0.00752837
-0.05652507
-0.05615797
0.02309455
0.14424208
0.26107259
0.29259758
0.20462824
0.05254083
-0.09911868
-0.21231955
-0.25067436
-0.21144082
-0.13879202
-0.06894836
-0.01399786
0.01051008
-0.02592116
-0.11667357
-0.22545144
-0.25920733
-0.16989790
-0.01025577
0.15012590
0.26662269
0.25784654
0.09426191
-0.14309774
-0.37284024
-0.48457598
-0.43000034
-0.27533847
-0.11131836
0.02175109
0.09009158
0.08686208
0.04902589
0.01161372
-0.00700982
-0.00599985
0.00479410
0.03983495
0.12824201
0.23524689
0.24758714
0.12430106
-0.06678619
-0.24987668
-0.39988272
-0.45567255
-0.35931253
-0.17833859
-0.06272063
-0.07637942
-0.15699108
-0.22713734
-0.25622359
-0.26292320
-0.27077922
-0.27890343
-0.27329987
-0.25397716
-0.22145358
-0.17585933
-0.12154585
-0.06538763
-0.01166192
0.03138657
0.02262474
-0.05799443
-0.17438471
-0.27341370
-0.28859713
-0.21088977
-0.09356858
0.01637743
0.10727393
0.17447871
0.16816802
0.06719520
-0.08015152
-0.19381177
-0.18321433
-0.04432900
0.14420586
0.31664769
0.40449544
0.36935634
0.25219210
0.11897863
0.00708310
-0.04282463
-0.01681672
0.04583398
0.10858730
0.15688674
0.18321950
0.16349063
0.09839775
0.01263716
-0.06767200
-0.11384160
-0.08487108
0.01449276
0.14220089
0.25999465
0.34013729
0.30842345
0.14505528
-0.07499353
-0.18505890
-0.10584674
0.07325822
0.24867974
0.38191045
0.46764975
0.45178076
0.32185371
0.13854280
0.01820320
0.03506994
0.14884790
0.27645781
0.31187717
0.20680482
0.02081811
-0.16758680
-0.24711888
-0.17398372
-0.01843794
0.13810214
0.26472034
0.34109795
0.29654973
0.11345958
-0.13332643
-0.36893206
-0.47826357
-0.41239199
-0.25012590
-0.08412471
0.05084433
0.17027130
0.28918956
0.35011211
0.30832859
0.20528018
0.09756644
0.01172384
-0.06311895
-0.13922923
-0.22004622
-0.29827357
-0.34890136
-0.31325003
-0.18183543
-0.00806510
0.15799314
0.30269744
0.41856729
0.44431538
0.35380556
0.20451441
0.05677912
-0.06600524
-0.15255170
-0.16676066
-0.10759300
-0.01580845
0.06040944
0.08575059
0.06197832
0.02233490
-0.00124051
0.00772014
0.03731714
0.07079836
0.09849347
0.12261603
0.13477777
0.11637519
0.06312525
-0.00404733
-0.06880694
-0.12520050
-0.17903537
-0.22075852
-0.21176679
-0.13318156
-0.02006330
0.13041169
0.26135631
0.30996102
0.29614270
0.26957365
0.25812508
0.25770770
0.25498439
0.23971560
0.19747503
0.12894655
0.04957408
-0.02512366
-0.07017307
-0.04446491
0.01514444
-0.00315500
-0.12856970
-0.21038012
-0.13773219
0.03903184
0.22150705
0.35748521
0.40848554
0.37269795
0.29864007
0.22637416
0.16770235
0.11412963
0.05809110
-0.01120574
-0.10098222
-0.20306049
-0.27572998
-0.26599058
-0.17900260
-0.06437919
0.03932400
0.12808592
0.21242304
0.30019834
0.38820821
0.47160622
0.50334765
0.41766872
0.22019196
-0.01531743
-0.23172332
-0.32029458
-0.23746572
-0.06596497
0.10257584
0.21961160
0.23166641
0.13161553
-0.01910747
-0.16501958
-0.28808403
-0.34559856
-0.30129525
-0.18687932
-0.05810024
0.05127292
0.07513047
-0.02518704
-0.19774495
-0.37703903
-0.53308584
-0.67346889
-0.77439334
-0.76341905
-0.62881979
-0.43727342
-0.20772408
0.08380314
0.26746779
0.19698005
-0.03833713
-0.28238130
-0.44380314
-0.52471499
-0.48722857
-0.32631465
-0.19047964
-0.22321364
-0.39485090
-0.59643245
-0.68794864
-0.62401390
-0.47870078
-0.33795640
-0.24597627
-0.23925596
-0.31267484
-0.41919681
-0.51824908
-0.56643124
-0.52674583
-0.41847416
-0.28986133
-0.17322140
-0.06883263
0.03138494
0.11392956
0.09647126
-0.04986841
-0.18294096
-0.14852452
0.03958521
0.26726169
0.37630603
0.31460823
0.17189252
0.04055492
-0.01146384
0.03761957
0.14903244
0.27016005
0.37578086
0.43546852
0.42224953
0.35477053
0.27188993
0.19772770
0.11293872
-0.01025845
-0.16346734
-0.24546231
-0.15823028
0.06241044
0.31270934
0.44293303
0.37966058
0.19540884
-0.00256672
-0.16222211
-0.19116435
-0.01864939
0.28488902
0.53085838
0.55468429
0.38984926
0.17070420
-0.01130957
-0.15511461
-0.20006295
-0.10364516
0.07536167
0.24697746
0.27592573
0.11756093
-0.12389662
-0.27061969
-0.18320312
0.08569850
0.39659199
0.53724668
0.42033770
0.15558373
-0.11211690
-0.32617409
-0.36520757
-0.17043945
0.15135820
0.47539970
0.74611769
0.83481572
0.67192011
0.37231593
0.05428882
-0.25685052
-0.53885066
-0.67436919
-0.62899053
-0.49094790
-0.35797848
-0.25831738
-0.17885859
-0.14020627
-0.16602249
-0.22957693
-0.29849692
-0.35381591
-0.39318742
-0.34844346
-0.18469585
0.04440084
0.26975475
0.43403529
0.45119694
0.31181853
0.13017282
0.06065866
0.14435763
0.29430848
0.42983477
0.53305652
0.62500129
0.66827840
0.59038219
0.39540194
0.10082958
-0.28383091
-0.63374209
-0.72415964
-0.50618565
-0.15405305
0.15834670
0.25015177
0.08834101
-0.18215709
-0.38146117
-0.36277574
-0.14429899
0.12759007
0.25312171
0.16385540
-0.02464437
-0.19603232
-0.19257947
0.06667081
0.48365844
0.78697418
0.79201807
0.58499250
0.34383246
0.19363671
0.14142219
0.11782998
0.05615081
-0.05203049
-0.17402770
-0.28511926
-0.38394819
-0.47944930
-0.57472017
-0.63063504
-0.59411100
-0.47514703
-0.32911299
-0.19926096
-0.10345458
-0.03570161
0.02318466
0.08324408
0.14512426
0.20352271
0.23634380
0.20699798
0.11803867
0.00669525
-0.08906280
-0.14858574
-0.17718735
-0.19658595
-0.21876563
-0.24363153
-0.22777634
-0.08968973
0.17656215
0.38153964
0.35739984
0.14859006
-0.09932305
-0.27218572
-0.31142788
-0.24520878
-0.18188027
-0.21255497
-0.33076008
-0.47301185
-0.59411963
-0.63701126
-0.52003932
-0.25302599
0.07048887
0.37241424
0.57852486
0.60353478
0.46452114
0.26543695
0.13314448
0.12398027
0.19002259
0.24257688
0.23678015
0.19437402
0.17539884
0.21945292
0.30993256
0.40769304
0.49337973
0.56927959
0.64473707
0.72117676
0.79477932
0.80650385
0.69563564
0.48542885
0.25026992
0.04439730
-0.04104733
0.02541893
0.16523948
0.24982494
0.19778203
0.04651877
-0.12270916
-0.26403046
-0.31501958
-0.21777306
-0.00637536
0.23625929
0.45314758
0.53999586
0.43278574
0.20690054
-0.03449785
-0.23953192
-0.38361101
-0.37021611
-0.16988582
0.12023853
0.37636381
0.43700436
0.26578966
-0.00932823
-0.26743330
-0.40819320
-0.34226298
-0.09273038
0.21839137
0.45053035
0.51189873
0.44493800
0.36218416
0.32954934
0.33049016
0.32906383
0.27476932
0.14968438
-0.01426502
-0.17808420
-0.32634829
-0.44102292
-0.45576396
-0.34805022
-0.18155689
-0.02017678
0.08505588
0.09645660
0.02566824
-0.07246167
-0.16072593
-0.19848744
-0.15884341
-0.06073162
0.05020809
0.11306204
0.07532105
-0.04356901
-0.18749245
-0.31671151
-0.42806695
-0.47178903
-0.41445905
-0.29679550
-0.20300529
-0.19621169
-0.26037840
-0.28602559
-0.20238699
-0.05111692
0.07863507
0.08267096
-0.05097515
-0.24019506
-0.41567755
-0.56317759
-0.69846070
-0.75571222
-0.62233921
-0.30909781
0.06784412
0.41530588
0.65371760
0.65643487
0.41404081
0.08523792
-0.18898691
-0.30929874
-0.26421500
-0.13750798
-0.00946862
0.09357634
0.17153119
0.21275418
0.21729446
0.20364430
0.19017092
0.18133613
0.17123540
0.11804643
-0.00370517
-0.16401925
-0.32492109
-0.46786361
-0.56330263
-0.53289785
-0.36365016
-0.13234422
0.08743295
0.23997861
0.25558718
0.13299012
-0.04636855
-0.21360963
-0.28822373
-0.23595057
-0.10989290
0.00674098
0.07058718
0.10089081
0.14201807
0.21329229
0.29866336
0.37952691
0.45085545
0.51817406
0.58567117
0.65267243
0.71531450
0.71256446
0.59223539
0.39320295
0.18229161
-0.00323424
-0.13823666
-0.17759352
-0.12584036
-0.03553129
0.04696116
0.09925148
0.08423725
-0.00426449
-0.12693555
-0.24574688
-0.35028113
-0.44560546
-0.49240872
-0.43380245
-0.28618944
-0.10978510
0.05010926
0.18815302
0.23596351
0.14599783
-0.02856177
-0.21094755
-0.34951708
-0.39726721
-0.35201876
-0.26766699
-0.18770632
-0.12365258
-0.06623860
-0.05297365
-0.11518601
-0.22564978
-0.34213708
-0.44293217
-0.53157500
-0.58032114
-0.54783205
-0.44465773
-0.31851210
-0.20411342
-0.12268416
-0.12384402
-0.22254359
-0.36695987
-0.50522930
-0.55687380
-0.47171229
-0.29186889
-0.09414205
0.07935850
0.17798762
0.16496094
0.07315474
-0.03718149
-0.13157759
-0.19732844
-0.22559804
-0.22438557
-0.22849209
-0.26190390
-0.31744709
-0.40669012
-0.54696452
-0.63783567
-0.57460892
-0.39076077
-0.17917076
0.00032226
0.11802056
0.10752315
-0.03870328
-0.24700419
-0.44763026
-0.61830169
-0.69781480
-0.62455804
-0.43757869
-0.22104396
-0.02837300
0.12678981
0.17612235
0.08685173
-0.07551672
-0.23675946
-0.32538504
-0.30294493
-0.20046395
-0.08031053
0.00732462
0.02008080
-0.03846734
-0.12441921
-0.20343561
-0.26970732
-0.33215967
-0.39566755
-0.42949070
-0.40083648
-0.32351029
-0.23407840
-0.15513617
-0.08615728
-0.01843906
0.05128007
0.11482382
0.15487229
0.16829824
0.16974009
0.17159414
0.16354323
0.14090823
0.14362895
0.19721978
0.28151291
0.36628464
0.43889981
0.50457046
0.57074386
0.63834618
0.70334679
0.73935082
0.70950398
0.61866387
0.50603129
0.40197134
0.31059485
0.22279367
0.13325658
0.04351063
-0.04326460
-0.12630431
-0.20649523
-0.28143185
-0.29475345
-0.21093634
-0.07424829
0.05369474
0.08983805
0.01552319
-0.10909263
-0.22665183
-0.32114055
-0.36100705
-0.27213311
-0.04745667
0.23130681
0.45891240
0.52172867
0.41781273
0.24701971
0.09262345
-0.01894500
-0.02995861
0.08257990
0.25600197
0.37983909
0.38380935
0.30278971
0.20631931
0.13062383
0.06930745
0.01018687
0.00707545
0.10191183
0.25263621
0.37885256
0.38733637
0.27338783
0.11146927
-0.03437066
-0.10156431
-0.06121548
0.04183526
0.13633173
0.15302944
0.08976216
-0.00402811
-0.08760456
-0.15620376
-0.22066798
-0.28874804
-0.34714734
-0.36627516
-0.33764337
-0.28859109
-0.24346165
-0.24395405
-0.30319674
-0.38939221
-0.42353357
-0.36799383
-0.26461082
-0.16360791
-0.08206274
-0.00879840
0.06747133
0.14706283
0.22430969
0.28035995
0.30419706
0.29624015
0.26049223
0.20979200
0.15746796
0.12526776
0.14369449
0.21313620
0.30272589
0.38667667
0.45535693
0.49952398
0.51777479
0.52363274
0.52871803
0.53742433
0.54693003
0.55443162
0.54724996
0.51210310
0.45360377
0.38856694
0.32815060
0.27975889
0.24669547
0.22401131
0.20420310
0.18359204
0.16229023
0.14173609
0.12227626
0.10383746
0.09130405
0.08830824
0.09068143
0.09364619
0.09470171
0.09571239
0.10981873
0.15367103
0.22183991
0.29740260
0.36723754
0.42880599
0.43893862
0.36569566
0.23937238
0.10707818
-0.00881892
-0.11380538
-0.21861558
-0.32391042
-0.40018541
-0.37165192
-0.22152688
-0.01643582
0.17937600
0.33847640
0.40236371
0.34578138
0.22806782
0.10931943
0.01311447
-0.07384885
-0.16242217
-0.24902641
-0.28186992
-0.23651541
-0.14860903
-0.06170168
0.00936307
0.07124334
0.10624946
0.07880676
-0.00545524
-0.11050430
-0.20657543
-0.28864714
-0.31734275
-0.26801538
-0.17439765
-0.07881056
0.00129996
0.07322097
0.14596764
0.22124230
0.29518808
0.36364068
0.38413360
0.32191063
0.22934841
0.18227437
0.19431710
0.22846277
0.25243183
0.24558390
0.17150532
0.02411764
-0.15513617
-0.32726497
-0.44320553
-0.45217226
-0.36466342
-0.24342802
-0.13252445
-0.03966058
0.04983193
0.14206809
0.23358514
0.26294648
0.18837292
0.04938264
-0.06384195
-0.08405573
-0.02771882
0.04720796
0.10215760
0.10553112
0.05345027
-0.02251505
-0.09547093
-0.14854349
-0.16190907
-0.13320657
-0.08648264
-0.04254971
-0.02906599
-0.05481442
-0.10018541
-0.14375571
-0.16667960
-0.15326141
-0.10907884
-0.05476328
-0.00452630
0.04002673
0.08297063
0.12598869
0.15398751
0.14995861
0.12023939
0.08327521
0.05161665
0.03404779
0.05193641
0.11010159
0.18682327
0.26126921
0.32709595
0.38801849
0.42803505
0.42087667
0.37043428
0.30454028
0.24463100
0.20013194
0.17015402
0.14711457
0.12512030
0.10245856
0.07986237
0.05783990
0.03041738
-0.00963462
-0.05996516
-0.11277746
-0.16259723
-0.20916162
-0.25423587
-0.29903848
-0.34169383
-0.35091927
-0.28767355
-0.19007002
-0.15045791
-0.19860816
-0.28702506
-0.33611873
-0.30558373
-0.22624049
-0.14315293
-0.07604888
-0.01679326
0.04393025
0.10926079
0.15073990
0.13258912
0.05981899
-0.03054259
-0.11305514
-0.18385247
-0.24783291
-0.27105000
-0.23190787
-0.15654525
-0.07998913
-0.01759300
0.00470062
-0.02950898
-0.09801142
-0.17113882
-0.23233473
-0.28370242
-0.33245718
-0.38169142
-0.40676428
-0.38796675
-0.34012866
-0.28770201
-0.27531346
-0.23717511
-0.19945327
-0.16250755
-0.15511116
-0.19322623
-0.25573981
-0.29826581
-0.27989083
-0.20691951
-0.11671410
-0.03536486
0.03474457
0.10208689
0.17110605
0.23981218
0.30307256
0.31992549
0.24577706
0.10139615
-0.05454528
-0.13315828
-0.10544575
-0.02657655
0.04665554
0.09029251
0.10527759
0.10394181
0.10234905
0.11516014
0.14443697
0.17952433
0.21224108
0.24076249
0.26686242
0.29147911
0.29648764
0.26721167
0.21643124
0.17346113
0.15924182
0.16676066
0.17836705
0.17772201
0.15247495
0.10528277
0.05148402
0.00092811
-0.04413696
-0.08568704
-0.11560425
-0.12860161
-0.13150429
-0.13352133
-0.13817630
-0.14402822
-0.14870734
-0.15164192
-0.15278626
-0.15281903
-0.15237750
-0.15159794
-0.15057088
-0.14971111
-0.15020869
-0.15735500
-0.17303772
-0.19242769
-0.21010762
-0.21695038
-0.20889084
-0.19232421
-0.17527552
-0.16518342
-0.16435556
-0.16902434
-0.17407599
-0.17720546
-0.17920181
-0.18132319
-0.18353340
-0.18568755
-0.19006140
-0.19862886
-0.20961522
-0.22032304
-0.22923544
-0.23787620
-0.24866336
-0.26183922
-0.27641038
-0.29518549
-0.31880099
-0.34346596
-0.36540591
-0.38380590
-0.39921871
-0.41226264
-0.41409255
-0.39490868
-0.35953674
-0.32047998
-0.28521498
-0.25381159
-0.22357496
-0.19348407
-0.16423484
-0.13932064
-0.12092668
-0.10615029
-0.08712682
-0.06075145
-0.03119919
-0.00330558
0.02117219
0.03984348
0.04897501
0.05028380
0.04924829
0.04961453
0.05165882
0.05417387
0.05682612
0.05997525
0.06801754
0.08329884
0.10206016
0.11984357
0.13495542
0.14828392
0.16071989
0.17371380
0.18852986
0.20443335
0.21918042
0.22865680
0.23014091
0.22603267
0.22064383
0.21629586
0.21282144
0.20948932
0.20723082
0.20694969
0.20768873
0.20806299
0.20738345
0.20594591
0.20410221
0.20196616
0.19935410
0.19620134
0.19165675
0.18524948
0.17783671
0.17053259
0.16383729
0.15764647
0.15252583
0.14938773
0.14768631
0.14595988
0.14331764
0.13977855
0.13569704
0.13126197
0.12646384
0.12127507
0.11535158
0.10802677
0.09956020
0.09103327
0.08320303
0.07616271
0.06966541
0.06356927
0.05819225
0.05382582
0.05011280
0.04648497
0.04265423
0.03867474
0.03468222
0.03074818
0.02685768
0.02288336
0.01873191
0.01457201
0.01065841
0.00711042
0.00397936
0.00120958
-0.00135308
-0.00380439
-0.00616299
-0.00840094
-0.01050586
-0.01247710
-0.01432090
-0.01603620
-0.01762336
-0.01908918
-0.02043644
-0.02165209
-0.02272995
-0.02367396
-0.02449621
-0.02520636
-0.02581165
-0.02631690
-0.02672738
-0.02704748
-0.02728170
-0.02743330
-0.02750470
-0.02749763
-0.02741398
-0.02725565
-0.02702454
