-0.03914045
-0.00460476
-0.03990790
-0.05986186
-0.01458173
0.04681504
0.04604758
0.01611665
0.00076746
0.01918649
0.02072141
-0.03300077
-0.09439754
-0.10667690
-0.06523408
0.00844206
0.04834996
0.02455871
-0.00920952
-0.01304682
-0.01688411
-0.02072141
-0.00613968
0.03760553
0.07290867
0.06523408
0.05141980
0.03453569
0.02302379
0.00613968
-0.02762855
-0.05372218
-0.02839601
0.00153492
-0.01765157
-0.05218726
-0.03990790
-0.00383730
0.02225633
0.05141980
0.07521105
0.05448964
0.04067536
0.02993093
-0.02379125
-0.06830391
-0.06062932
-0.02072141
0.01151190
0.00920952
-0.01227936
0.00230238
0.09593246
0.13123561
0.04604758
-0.01688411
-0.02839601
-0.00920952
-0.00844206
-0.03069839
-0.03837299
-0.02379125
-0.02916347
-0.06216424
-0.06369916
0.00460476
0.04221028
0.02302379
-0.00076746
-0.02225633
-0.03760553
-0.05141980
-0.04221028
-0.01534919
-0.00844206
-0.01534919
-0.01765157
0.00000000
0.00844206
-0.00076746
-0.00153492
0.00613968
0.00767460
-0.00153492
-0.00153492
0.00690714
0.01074444
0.01458173
0.02839601
0.02993093
0.00537222
0.00230238
0.00767460
-0.02379125
-0.04374520
0.00767460
0.08211819
0.08442057
0.03914045
0.02993093
0.02532617
-0.00153492
-0.03376823
-0.04528012
-0.03223331
-0.00613968
0.00613968
0.00997698
0.00997698
0.02379125
0.05525710
0.05295472
0.01611665
0.01151190
0.02609363
0.01841903
-0.03376823
-0.06983883
-0.01381427
0.08902533
0.11435150
0.05448964
0.01765157
0.04528012
0.07137375
0.02532617
-0.05986186
-0.08902533
-0.05448964
-0.02302379
-0.03376823
-0.08672295
-0.08672295
0.00306984
0.06676899
0.02609363
-0.01074444
-0.00844206
0.00230238
-0.01765157
-0.02379125
0.00460476
0.03146585
0.04144282
0.04988488
0.05755948
0.07214121
0.07674597
0.07828089
0.07751343
0.03453569
-0.05065234
-0.09132771
-0.06600153
-0.01534919
-0.00690714
-0.02839601
-0.01688411
0.00844206
0.01458173
0.03223331
0.06523408
0.06676899
-0.00997698
-0.07751343
-0.06062932
-0.03530315
-0.03146585
-0.04834996
-0.05755948
0.00000000
0.08211819
0.10897928
0.09209517
0.06293170
0.07904835
0.09363008
0.05832694
-0.05755948
-0.15195702
-0.08749041
0.01688411
0.07367613
0.07367613
0.07290867
0.05679202
-0.00306984
-0.02379125
0.01458173
0.03683807
0.08058327
0.10821182
0.07367613
0.00000000
-0.06446662
-0.06600153
-0.00153492
0.04067536
0.03069839
-0.03069839
-0.10130468
-0.08058327
-0.00920952
0.05755948
0.08825787
0.08672295
0.12509593
0.18572525
0.12970069
-0.04297774
-0.08979279
-0.03760553
-0.07060629
-0.17114351
-0.19109747
-0.06907137
0.10974674
0.12970069
0.07828089
0.00383730
-0.13967767
-0.27244820
-0.32156562
-0.29930929
-0.32310054
-0.45433615
-0.65387567
-0.75057559
-0.54950115
-0.20107444
0.13737529
0.35149655
0.30007675
0.30928626
0.32770530
0.29470453
0.29623945
0.41903300
0.66615503
0.81887951
0.79048350
0.63008442
0.36377590
0.20951650
0.27014582
0.21872602
-0.12893323
-0.33768227
-0.19109747
0.02686109
0.15272448
0.13430545
-0.03837299
-0.29009977
-0.55947813
-0.72294705
-0.62701458
-0.32847276
-0.06446662
-0.07444359
-0.27321566
-0.47889486
-0.41826554
-0.30621642
-0.18035303
0.05065234
0.31235610
0.38833461
0.28242517
0.15963162
0.01381427
-0.23637759
-0.54029163
-0.58710668
-0.50422103
-0.33231005
-0.06907137
0.20030698
0.43361474
0.59478127
0.52494244
0.29700691
0.08518803
-0.03990790
-0.08749041
-0.04681504
0.06293170
0.06293170
-0.11358404
-0.29393707
-0.30237913
-0.19953952
-0.07751343
0.07290867
0.22640061
0.23561013
0.11972371
0.03607061
-0.07751343
-0.15042210
0.02532617
0.44589409
0.77436685
0.69992325
0.38296239
0.07137375
-0.01074444
0.05602456
0.01841903
-0.11665388
-0.10590944
0.03760553
0.05909440
0.06293170
-0.04297774
-0.38142748
-0.64159632
-0.62087490
-0.50191865
-0.45433615
-0.34305449
0.02455871
0.41980046
0.56868764
0.46201074
0.16653876
-0.22640061
-0.53645434
-0.60552571
-0.45433615
-0.43054490
-0.56638526
-0.61243285
-0.61703761
-0.54566385
-0.35610130
-0.12125863
0.08979279
0.10053722
-0.04221028
-0.16884114
-0.31389102
-0.43207982
-0.44666155
-0.32233308
-0.17958557
-0.14351497
-0.15425940
-0.08365311
0.10667690
0.31772832
0.49731389
0.54719877
0.40828856
0.27782041
0.23944743
0.25479662
0.35379893
0.55871067
0.68073676
0.76055257
0.78357636
0.78511128
0.76822717
0.75441289
0.73829624
0.58633922
0.28472755
0.02532617
0.00997698
0.25095932
0.48656946
0.67229470
0.65234075
0.46124328
0.16577130
-0.20951650
-0.58019954
-0.79739064
-0.83192632
-0.76592479
-0.74673830
-0.82118189
-0.94320798
-0.89255564
-0.51189563
-0.14121259
0.15502686
0.39831159
0.41596316
0.18188795
-0.12816577
-0.40598619
-0.33844973
0.10130468
0.42210284
0.48349962
0.26477360
-0.06983883
-0.18649271
-0.18495779
-0.22026094
-0.33537989
-0.48656946
-0.49424405
-0.25402916
0.03760553
0.23100537
0.44282425
0.58173446
0.48656946
0.14351497
-0.24635457
-0.50805833
-0.66155027
-0.69915579
-0.55717575
-0.19263239
0.11588642
0.25786646
0.16193400
0.07904835
0.17191097
0.24328473
0.19186493
0.13123561
0.10360706
0.26477360
0.61933998
0.96316193
0.98388335
0.56101305
0.14735226
0.16500384
0.22102840
0.09363008
-0.21335380
-0.61396777
-0.95625480
-0.97313891
-0.61627015
-0.17651573
0.25402916
0.38066002
0.22947045
0.13891021
0.12509593
0.18265541
0.22102840
0.14658480
-0.08442057
-0.26554106
-0.23714505
0.09439754
0.47352264
0.51573292
0.35840368
0.14274751
0.05832694
-0.06523408
-0.26861090
-0.43054490
-0.55717575
-0.73829624
-0.82962394
-0.69531850
-0.43591711
-0.24558711
-0.08825787
0.09900230
0.21258634
0.23330775
0.27475058
0.45894091
0.75441289
0.73062164
0.52570990
0.35610130
0.18649271
0.04911742
0.03146585
0.02302379
-0.05141980
-0.08749041
-0.02072141
0.16116654
0.35226401
0.39754413
0.20798158
-0.20030698
-0.44282425
-0.39600921
-0.21412126
0.00613968
0.15042210
0.13737529
0.18342287
0.37221796
0.47735994
0.31849578
0.03453569
-0.20184190
-0.34535687
-0.34919417
-0.20644666
0.15502686
0.30851880
0.24405219
0.12049117
-0.14351497
-0.42824252
-0.54566385
-0.50575595
-0.39140445
-0.24712203
-0.10360706
0.10821182
0.35072909
0.45663853
0.32770530
0.05755948
-0.27398312
-0.50345357
-0.51496546
-0.41442824
-0.17651573
0.13737529
0.30698388
0.28549501
0.17728319
0.09746738
0.15425940
0.33231005
0.46354566
0.47352264
0.46201074
0.49117421
0.45663853
0.29700691
0.13584037
0.02072141
-0.00306984
0.01534919
0.08518803
0.22486569
0.34458941
0.32847276
0.23177283
0.09363008
-0.02609363
-0.12509593
-0.22640061
-0.40368381
-0.66922487
-0.89946278
-1.00000000
-0.97313891
-0.72064467
-0.29700691
0.06983883
0.23867997
0.25402916
0.17498081
0.10283960
0.02225633
-0.11435150
-0.20874904
-0.07904835
0.17498081
0.36684574
0.46201074
0.47812740
0.34689179
0.06907137
-0.15425940
-0.23944743
-0.15809670
-0.01918649
0.04604758
0.04067536
0.01841903
0.01458173
0.06216424
0.10974674
0.08442057
0.03300077
0.01304682
-0.00460476
0.01074444
0.06139678
0.11204912
0.16730622
0.25556408
0.29009977
0.21181888
0.13200307
0.09593246
0.08979279
0.09363008
0.05909440
-0.08749041
-0.23867997
-0.31158864
-0.29547199
-0.20951650
-0.12893323
-0.12663085
-0.20107444
-0.28319263
-0.32003070
-0.26093630
-0.19339985
-0.18495779
-0.17881811
-0.12893323
-0.04221028
0.01458173
-0.02839601
-0.13200307
-0.25095932
-0.36991558
-0.41442824
-0.35993860
-0.27935533
-0.24174981
-0.19186493
-0.07597851
0.02148887
0.07214121
0.04144282
-0.06600153
-0.13123561
-0.13967767
-0.16270146
-0.19263239
-0.15809670
-0.05218726
-0.00076746
0.00000000
0.02379125
0.06600153
0.10974674
0.10053722
-0.01841903
-0.14428243
-0.15963162
-0.13353799
-0.10667690
-0.04911742
-0.00613968
0.00537222
0.02379125
0.06907137
0.12663085
0.13660783
0.08058327
0.00230238
-0.07367613
-0.14428243
-0.18572525
-0.20107444
-0.20337682
-0.22333078
-0.26707598
-0.26707598
-0.19493477
-0.07904835
0.04297774
0.10897928
0.10744436
0.05832694
-0.01227936
-0.07674597
-0.07751343
-0.02839601
0.03914045
0.07597851
0.07137375
0.06293170
0.09209517
0.16653876
0.22563315
0.22179586
0.19109747
0.19339985
0.22716807
0.28089025
0.31696086
0.30084421
0.25402916
0.22102840
0.18956255
0.17114351
0.15732924
0.14888718
0.15425940
0.19800460
0.26016884
0.28242517
0.24021489
0.19877206
0.18188795
0.15272448
0.10360706
0.05755948
0.05986186
0.10053722
0.09746738
0.04988488
0.03300077
0.03453569
0.03607061
0.05372218
0.08518803
0.09900230
0.06907137
-0.00920952
-0.05909440
-0.06062932
-0.05525710
-0.06830391
-0.09056025
-0.08288565
-0.06369916
-0.04758250
-0.03069839
-0.01765157
-0.00537222
0.01611665
0.00767460
-0.06830391
-0.13660783
-0.16039908
-0.14965464
-0.10360706
-0.05295472
-0.00997698
0.02302379
0.06369916
0.12509593
0.12586339
0.00613968
-0.08135073
-0.07060629
-0.04067536
-0.02609363
0.04528012
0.19800460
0.32770530
0.33000767
0.24635457
0.16193400
0.14198005
0.13507291
0.09516500
0.03530315
0.01458173
0.03683807
0.09439754
0.12739831
0.12970069
0.14581734
0.17344589
0.17805065
0.15425940
0.12279355
0.09516500
0.08518803
0.10744436
0.12586339
0.10053722
0.03146585
-0.07904835
-0.16346892
-0.18265541
-0.14428243
-0.10207214
-0.11818880
-0.16193400
-0.18342287
-0.18879509
-0.15963162
-0.10437452
-0.06139678
-0.07367613
-0.10667690
-0.10590944
-0.05372218
-0.01765157
-0.01381427
-0.01151190
-0.01458173
-0.02072141
-0.03453569
-0.05909440
-0.08365311
-0.09439754
-0.05832694
-0.00306984
-0.03990790
-0.14811972
-0.23867997
-0.24788949
-0.16346892
-0.06907137
-0.03837299
-0.02225633
-0.01151190
-0.03760553
-0.08595549
-0.10514198
-0.07444359
-0.04221028
-0.06753645
-0.16653876
-0.22563315
-0.20030698
-0.12816577
-0.08135073
-0.06216424
-0.05218726
-0.03990790
-0.00997698
0.05218726
0.07828089
0.02455871
-0.03760553
-0.05218726
-0.00613968
0.04451266
0.06523408
0.02302379
-0.02225633
-0.02532617
-0.01995395
0.02993093
0.13584037
0.19493477
0.18572525
0.14274751
0.07214121
0.04297774
0.02686109
-0.04374520
-0.12893323
-0.16807368
-0.16807368
-0.14811972
-0.09593246
-0.01151190
0.02686109
-0.01227936
-0.07981581
-0.14351497
-0.13967767
-0.10130468
-0.06139678
-0.04297774
-0.02455871
0.00460476
-0.00537222
-0.06216424
-0.10437452
-0.08902533
-0.01918649
0.02455871
0.03146585
0.05295472
0.08979279
0.08135073
0.03300077
-0.00767460
-0.02609363
0.02379125
0.07674597
0.07214121
0.01688411
-0.06293170
-0.13353799
-0.12970069
-0.08211819
-0.04221028
-0.04221028
-0.05679202
-0.05679202
-0.04528012
-0.01995395
-0.00844206
-0.04528012
-0.06369916
-0.05525710
-0.01458173
0.04144282
0.08365311
0.09516500
0.09209517
0.09286262
0.09132771
0.08749041
0.07828089
0.06600153
0.04604758
0.02993093
0.04297774
0.06600153
0.07828089
0.07137375
0.06446662
0.06446662
0.04528012
-0.00383730
-0.04067536
-0.04221028
-0.04144282
-0.03223331
0.01074444
0.05602456
0.07828089
0.08058327
0.05525710
0.00844206
-0.02839601
-0.05218726
-0.07521105
-0.04374520
0.05679202
0.13660783
0.14735226
0.11665388
0.07060629
0.01611665
-0.03683807
-0.05679202
-0.01227936
0.03376823
0.05141980
0.05065234
0.04604758
0.05372218
0.07214121
0.10821182
0.14658480
0.16039908
0.11281658
0.05909440
0.06600153
0.10590944
0.09976976
0.04067536
-0.01151190
-0.04758250
-0.03530315
0.00230238
0.02993093
0.01995395
-0.04144282
-0.09976976
-0.13660783
-0.12816577
-0.08058327
-0.04758250
-0.06293170
-0.06369916
-0.04988488
-0.03300077
-0.01611665
-0.00537222
-0.00076746
-0.01534919
-0.04067536
-0.07444359
-0.11051420
-0.11972371
-0.09209517
-0.06216424
-0.04911742
-0.02455871
0.05218726
0.11435150
0.11972371
0.09439754
0.06983883
0.05372218
0.04988488
0.05909440
0.06830391
0.07444359
0.07751343
0.07290867
0.05755948
0.04144282
0.02609363
0.02072141
0.05832694
0.13891021
0.20414428
0.18802763
0.12049117
0.04988488
-0.02379125
-0.05986186
-0.07137375
-0.12125863
-0.18649271
-0.20798158
-0.18495779
-0.10514198
-0.05448964
-0.04834996
-0.02225633
0.03453569
0.06983883
0.06753645
0.03683807
-0.02993093
-0.12356101
-0.20567920
-0.24942441
-0.25326170
-0.21105142
-0.15502686
-0.11128166
-0.07137375
-0.02148887
0.01227936
-0.00383730
-0.03453569
-0.04528012
-0.03530315
-0.01381427
0.00844206
0.03453569
0.06216424
0.09056025
0.10744436
0.10821182
0.10130468
0.08979279
0.07904835
0.07904835
0.09669992
0.12586339
0.15042210
0.15502686
0.16807368
0.21105142
0.21412126
0.16577130
0.09669992
0.02072141
-0.02686109
-0.03837299
-0.04067536
-0.05602456
-0.08288565
-0.09132771
-0.09209517
-0.08288565
-0.07367613
-0.05986186
-0.03914045
-0.00767460
0.02839601
0.06676899
0.09669992
0.09439754
0.07214121
0.04528012
0.02686109
0.01381427
-0.01534919
-0.02762855
-0.02379125
-0.02225633
-0.01995395
-0.02225633
-0.01534919
0.00690714
0.03607061
0.11128166
0.17728319
0.14581734
0.09900230
0.05372218
0.00613968
-0.04297774
-0.08211819
-0.10130468
-0.10053722
-0.09976976
-0.09132771
-0.06753645
-0.04067536
-0.01841903
-0.00690714
-0.01765157
-0.01995395
-0.00920952
-0.01918649
-0.04988488
-0.07367613
-0.07597851
-0.07214121
-0.07444359
-0.07828089
-0.07751343
-0.07597851
-0.07290867
-0.05218726
0.00076746
0.06139678
0.10590944
0.11588642
0.10360706
0.08672295
0.06830391
0.04528012
0.01534919
-0.01381427
-0.01381427
0.00076746
0.00076746
-0.00844206
-0.01381427
0.00153492
0.04221028
0.05525710
0.02916347
0.00000000
-0.03376823
-0.07751343
-0.10130468
-0.08365311
-0.03146585
0.01381427
0.03069839
0.00690714
-0.01458173
-0.02148887
-0.03376823
-0.09132771
-0.17421335
-0.20414428
-0.18035303
-0.10821182
-0.00460476
0.08211819
0.12125863
0.12509593
0.10360706
0.05602456
0.00076746
-0.02839601
-0.04451266
-0.05909440
-0.05218726
-0.03069839
-0.00920952
0.00000000
-0.00537222
-0.00844206
-0.00844206
-0.00460476
0.00306984
0.01611665
0.02762855
0.01151190
-0.01765157
-0.03453569
-0.04297774
-0.04528012
-0.04297774
-0.03223331
-0.00613968
0.03453569
0.05755948
0.06907137
0.06830391
0.05295472
0.01074444
-0.01995395
-0.01688411
0.00230238
0.02302379
0.04221028
0.05065234
0.05448964
0.05141980
0.03683807
0.01765157
0.00153492
-0.00537222
0.00230238
0.01534919
0.01765157
0.02072141
0.02609363
0.03069839
0.02686109
0.01611665
0.00153492
-0.00767460
-0.00537222
0.00613968
0.01458173
0.01304682
0.00230238
0.00000000
0.00920952
0.01381427
0.01381427
0.01688411
0.01227936
0.00460476
0.00537222
0.01381427
0.00997698
-0.00383730
0.00383730
0.03837299
0.05755948
0.05141980
0.05832694
0.07597851
0.05679202
0.01458173
-0.01765157
-0.02762855
-0.01841903
-0.02148887
-0.04221028
-0.06600153
-0.07674597
-0.05065234
0.00537222
0.04911742
0.05755948
0.04681504
0.04834996
0.05525710
0.04604758
0.01534919
-0.01688411
-0.04221028
-0.05218726
-0.05295472
-0.04144282
-0.01918649
0.01765157
0.04681504
0.06062932
0.05065234
0.01227936
-0.05372218
-0.10437452
-0.13814275
-0.14735226
-0.12279355
-0.08595549
-0.04834996
-0.01688411
0.01074444
0.03683807
0.05602456
0.06139678
0.05141980
0.02302379
-0.00920952
-0.03760553
-0.05295472
-0.04067536
-0.00997698
0.02455871
0.04374520
0.04681504
0.05372218
0.04988488
0.02993093
0.01227936
0.00690714
0.00920952
0.01304682
0.01458173
0.01304682
0.00153492
-0.02148887
-0.03530315
-0.04144282
-0.03837299
-0.02993093
-0.01458173
0.00076746
0.01074444
0.00920952
0.01074444
0.02225633
0.03223331
0.02762855
0.01074444
-0.01458173
-0.03683807
-0.03837299
-0.02686109
-0.01151190
0.00690714
0.01304682
-0.00076746
-0.01534919
-0.01458173
-0.00613968
0.00153492
0.01304682
0.01841903
0.00844206
-0.01151190
-0.04297774
-0.06139678
-0.06446662
-0.04834996
-0.01611665
0.00306984
0.00383730
0.00767460
0.02148887
0.03069839
0.02762855
0.01227936
-0.00537222
-0.01841903
-0.02839601
-0.02993093
-0.02916347
-0.02609363
-0.01534919
-0.00076746
0.01918649
0.02532617
0.01151190
-0.00153492
-0.01227936
-0.01381427
-0.00383730
0.01458173
0.03376823
0.01304682
-0.00997698
-0.00537222
0.01841903
0.04067536
0.05448964
0.05832694
0.06062932
0.06907137
0.07828089
0.06600153
0.02993093
0.00230238
-0.01227936
-0.01151190
0.01227936
0.03914045
0.04911742
0.03760553
0.03146585
0.03300077
0.03223331
0.02379125
0.01611665
0.01611665
0.02916347
0.04144282
0.03223331
0.00076746
-0.01688411
-0.01611665
-0.01151190
-0.00383730
0.00230238
-0.00920952
-0.02916347
-0.04221028
-0.04988488
-0.05065234
-0.03990790
-0.02302379
-0.00153492
0.00844206
-0.00230238
-0.01688411
-0.03146585
-0.04681504
-0.05755948
-0.04911742
-0.02839601
-0.02072141
-0.02686109
-0.03760553
-0.04144282
-0.02839601
-0.01995395
-0.02148887
-0.02455871
-0.03376823
-0.04297774
-0.05218726
-0.06139678
-0.07367613
-0.08749041
-0.08672295
-0.07214121
-0.05525710
-0.04297774
-0.03914045
-0.02609363
-0.00690714
0.00537222
0.00920952
0.00997698
0.00690714
-0.00230238
-0.01151190
-0.00997698
-0.00230238
-0.00153492
-0.01151190
-0.01841903
-0.01227936
0.00613968
0.03146585
0.05218726
0.05525710
0.05602456
0.05525710
0.05065234
0.04144282
0.02993093
0.01611665
0.00230238
-0.00690714
-0.00076746
0.01074444
0.01304682
0.01151190
0.00920952
0.01151190
0.02762855
0.03683807
0.01688411
-0.00306984
-0.01304682
-0.02072141
-0.01918649
-0.01227936
-0.00460476
0.00767460
0.01841903
0.02916347
0.03914045
0.04911742
0.05295472
0.03914045
0.01918649
-0.00076746
-0.02072141
-0.03223331
-0.03837299
-0.03453569
-0.03223331
-0.04297774
-0.05218726
-0.03837299
-0.00997698
0.00613968
0.01841903
0.03376823
0.05602456
0.07981581
0.09516500
0.08672295
0.05986186
0.02993093
0.00460476
-0.00613968
-0.01458173
-0.00690714
0.01304682
0.01765157
0.01534919
0.01074444
0.00230238
-0.00537222
-0.01304682
-0.01688411
-0.01918649
-0.02148887
-0.02455871
-0.02839601
-0.03223331
-0.03146585
-0.02148887
-0.01458173
-0.02072141
-0.02379125
-0.02302379
-0.02072141
-0.01074444
0.00767460
0.02225633
0.01995395
0.01151190
0.00537222
0.00690714
0.02302379
0.03837299
0.04528012
0.03453569
0.02072141
0.00690714
-0.00690714
-0.01381427
-0.00383730
0.00920952
0.01611665
0.02072141
0.01534919
0.00383730
-0.00460476
-0.00997698
-0.01227936
-0.00844206
-0.00306984
0.00230238
0.00997698
0.01688411
0.01688411
-0.00076746
-0.02302379
-0.04144282
-0.06062932
-0.07674597
-0.08672295
-0.07214121
-0.04067536
-0.02072141
-0.00613968
-0.00920952
-0.01841903
-0.02762855
-0.03683807
-0.04067536
-0.03146585
-0.02072141
-0.02839601
-0.04374520
-0.04528012
-0.04604758
-0.05372218
-0.06293170
-0.05218726
-0.01381427
0.02225633
0.05372218
0.07290867
0.06830391
0.05141980
0.03760553
0.02609363
0.02302379
0.02379125
0.02302379
0.02302379
0.02302379
0.02302379
0.02379125
0.02379125
0.02379125
0.02379125
0.02379125
0.02225633
0.02072141
0.01765157
0.01151190
-0.00076746
-0.01227936
-0.01918649
-0.01841903
-0.01534919
-0.01151190
-0.00460476
0.00690714
0.01765157
0.01765157
0.01688411
0.01765157
0.02302379
0.02455871
0.01458173
0.00613968
0.00153492
0.00153492
0.00997698
0.01995395
0.02379125
0.00920952
-0.00230238
0.00230238
0.01227936
0.02455871
0.03683807
0.04451266
0.03683807
0.02993093
0.02993093
0.02993093
0.02379125
0.00844206
-0.00844206
-0.01995395
-0.02302379
-0.02302379
-0.01688411
-0.01227936
-0.01304682
-0.01765157
-0.02379125
-0.02532617
-0.02455871
-0.02532617
-0.02839601
-0.03376823
-0.03223331
-0.02609363
-0.02379125
-0.02379125
-0.02302379
-0.01534919
-0.00230238
0.01227936
0.02686109
0.03453569
0.03607061
0.03607061
0.02839601
0.01227936
-0.00383730
-0.01304682
-0.01381427
-0.00306984
0.00460476
0.00383730
-0.00306984
-0.01074444
-0.01458173
-0.00613968
0.00383730
0.01381427
0.02379125
0.02686109
0.01841903
0.01074444
0.00920952
0.00690714
0.00460476
0.00306984
0.00153492
0.00537222
0.01611665
0.01688411
0.00000000
-0.01381427
-0.01918649
-0.00767460
0.01458173
0.03837299
0.04528012
0.03530315
0.02839601
0.02609363
0.02916347
0.02839601
0.01304682
-0.01765157
-0.03607061
-0.04451266
-0.03530315
-0.01458173
0.00920952
0.03223331
0.04681504
0.05832694
0.06216424
0.04297774
0.00997698
-0.02993093
-0.04758250
-0.04834996
-0.05295472
-0.05986186
-0.06600153
-0.07367613
-0.08135073
-0.06676899
-0.01611665
0.03069839
0.03453569
0.00844206
-0.00767460
-0.00306984
0.00997698
0.01534919
0.01074444
0.00613968
0.03607061
0.08135073
0.08902533
0.03837299
-0.02762855
-0.06676899
-0.07060629
-0.05679202
-0.02072141
0.02532617
0.03760553
0.01611665
-0.01227936
-0.02762855
-0.02455871
-0.01151190
-0.01304682
-0.02762855
-0.02993093
0.01765157
0.07137375
0.06216424
0.01534919
-0.00690714
-0.00997698
-0.00230238
0.01688411
0.06062932
0.10283960
0.10053722
0.06139678
0.01381427
-0.01765157
-0.01688411
-0.01151190
-0.01304682
-0.02455871
-0.05295472
-0.07444359
-0.06446662
-0.04067536
-0.01381427
-0.00613968
-0.00844206
-0.00767460
-0.00613968
-0.00076746
0.01381427
0.02839601
0.01841903
-0.01074444
-0.03990790
-0.06830391
-0.07674597
-0.05986186
-0.03914045
-0.00767460
0.01534919
0.01918649
0.00997698
-0.00230238
0.00767460
0.03990790
0.05448964
0.04374520
0.02762855
0.01688411
0.00383730
-0.00844206
-0.02072141
-0.03453569
-0.04681504
-0.03914045
-0.03146585
-0.04221028
-0.05295472
-0.04451266
-0.02072141
0.00767460
0.03146585
0.04297774
0.05372218
0.05832694
0.04451266
0.02762855
0.01611665
0.00383730
-0.00537222
-0.00230238
0.01534919
0.02455871
0.01074444
-0.00537222
-0.01458173
-0.01765157
-0.01304682
-0.00460476
0.00537222
0.01151190
0.01611665
0.01841903
0.01534919
0.00844206
-0.00230238
-0.00230238
0.02455871
0.05295472
0.06293170
0.05295472
0.03453569
0.01304682
-0.01074444
-0.01688411
-0.01304682
-0.01151190
-0.01151190
-0.01227936
-0.01458173
-0.01611665
-0.01765157
-0.01765157
-0.01841903
-0.02302379
-0.02532617
-0.01227936
0.00844206
0.02686109
0.02609363
0.01918649
0.02686109
0.04067536
0.04988488
0.04297774
-0.00153492
-0.04374520
-0.06062932
-0.05832694
-0.04374520
-0.01227936
0.02148887
0.04144282
0.03760553
0.03530315
0.03607061
0.03990790
0.04144282
0.04067536
0.03453569
0.01458173
-0.01688411
-0.05065234
-0.07904835
-0.08442057
-0.07367613
-0.05218726
-0.02225633
0.02302379
0.05372218
0.05295472
0.04374520
0.03453569
0.02148887
-0.00613968
-0.04911742
-0.08135073
-0.08979279
-0.08749041
-0.07214121
-0.04528012
-0.02379125
-0.00306984
0.01304682
0.02532617
0.03146585
0.03223331
0.03223331
0.03223331
0.02302379
-0.00306984
-0.01765157
-0.01458173
-0.01381427
-0.01995395
-0.02916347
-0.03146585
-0.03069839
-0.02609363
-0.02072141
-0.01918649
-0.01611665
-0.00306984
0.01381427
0.02609363
0.03146585
0.03223331
0.03376823
0.02762855
0.01765157
0.00613968
-0.00767460
-0.02762855
-0.04144282
-0.02455871
-0.00153492
0.00230238
-0.00537222
-0.01074444
-0.00690714
-0.00076746
0.00613968
0.01151190
0.01381427
0.01381427
0.01227936
0.00997698
0.00997698
0.01227936
0.00690714
-0.00383730
-0.00460476
0.00613968
0.01841903
0.02455871
0.01611665
0.00537222
-0.00153492
-0.00613968
0.00000000
0.00920952
0.01458173
0.01918649
0.02609363
0.03376823
0.03683807
0.02916347
0.00613968
-0.00460476
-0.00306984
0.00460476
0.01458173
0.01765157
0.01534919
0.01304682
0.01227936
0.00613968
0.00306984
0.00613968
0.00844206
0.00844206
0.00767460
0.00537222
0.00153492
-0.00230238
-0.00460476
-0.00537222
-0.00537222
-0.00537222
0.00076746
0.01227936
0.02148887
0.02302379
0.01841903
0.01227936
0.00306984
-0.01151190
-0.00997698
-0.00537222
0.00230238
0.00844206
0.00537222
0.00076746
0.00383730
0.00537222
-0.00460476
-0.01304682
-0.02148887
-0.03837299
-0.05295472
-0.04834996
-0.03607061
-0.02072141
-0.00613968
0.00844206
0.01765157
0.01995395
0.01611665
0.00613968
0.00076746
0.01227936
